#time[s] 	 x_1[m] 	 u[V] 	 xhat_1[m] 	 xhat_2[m/s] 	 diff[m/s]
0.00 	0.000000 	0.000000 	0.000000 	0.000000 	0.000000
0.01 	0.000000 	6.830000 	0.000000 	0.000000 	0.000000
0.02 	0.000225 	7.076224 	0.000000 	0.249981 	0.022501
0.03 	0.002700 	7.254620 	0.002492 	0.500211 	0.247516
0.04 	0.008101 	7.362159 	0.007486 	0.747926 	0.540035
0.05 	0.012826 	7.397949 	0.014943 	0.991099 	0.472530
0.06 	0.018676 	7.354223 	0.024931 	1.223724 	0.585037
0.07 	0.025652 	7.228424 	0.037393 	1.441682 	0.697545
0.08 	0.033527 	7.019288 	0.052234 	1.640973 	0.787550
0.09 	0.040278 	6.726475 	0.069318 	1.817552 	0.675043
0.10 	0.049053 	6.346912 	0.088540 	1.965367 	0.877556
0.11 	0.056929 	5.886115 	0.109617 	2.082153 	0.787550
0.12 	0.065479 	5.344955 	0.132338 	2.162944 	0.855055
0.13 	0.074255 	4.729616 	0.156378 	2.205002 	0.877556
0.14 	0.082805 	4.047087 	0.181388 	2.205773 	0.855055
0.15 	0.091356 	3.305184 	0.207000 	2.162936 	0.855055
0.16 	0.099906 	2.513968 	0.232798 	2.075212 	0.855055
0.17 	0.108907 	1.685128 	0.258341 	1.942205 	0.900058
0.18 	0.118358 	0.832768 	0.283150 	1.764967 	0.945060
0.19 	0.128033 	-0.027821 	0.306741 	1.545571 	0.967562
0.20 	0.135909 	-0.880893 	0.328639 	1.286868 	0.787550
0.21 	0.146034 	-1.714266 	0.348456 	0.990429 	1.012565
0.22 	0.153010 	-2.506493 	0.365657 	0.663231 	0.697545
0.23 	0.157060 	-3.247718 	0.379956 	0.307285 	0.405026
0.24 	0.158635 	-3.927272 	0.391064 	-0.074530 	0.157510
0.25 	0.157060 	-4.533445 	0.398698 	-0.478217 	-0.157510
0.26 	0.153685 	-5.056160 	0.402626 	-0.899933 	-0.337522
0.27 	0.150085 	-5.482845 	0.402601 	-1.333823 	-0.360023
0.28 	0.144234 	-5.798458 	0.398366 	-1.771717 	-0.585037
0.29 	0.137934 	-5.993647 	0.389811 	-2.207193 	-0.630040
0.30 	0.130733 	-6.056696 	0.376819 	-2.631556 	-0.720046
0.31 	0.122858 	-5.978856 	0.359375 	-3.036375 	-0.787550
0.32 	0.116107 	-5.753156 	0.337537 	-3.412930 	-0.675043
0.33 	0.107332 	-5.371415 	0.311391 	-3.750593 	-0.877556
0.34 	0.099456 	-4.835223 	0.281241 	-4.042476 	-0.787550
0.35 	0.090906 	-4.142860 	0.247370 	-4.279036 	-0.855055
0.36 	0.082355 	-3.299385 	0.210220 	-4.453111 	-0.855055
0.37 	0.073130 	-2.311762 	0.170298 	-4.557718 	-0.922559
0.38 	0.064804 	-1.191844 	0.128224 	-4.587720 	-0.832553
0.39 	0.055804 	0.048510 	0.084633 	-4.537515 	-0.900058
0.40 	0.046353 	1.390645 	0.040297 	-4.404637 	-0.945060
0.41 	0.037352 	2.813327 	-0.003968 	-4.188012 	-0.900058
0.42 	0.030827 	4.294396 	-0.047337 	-3.887282 	-0.652542
0.43 	0.028352 	5.813309 	-0.089028 	-3.501560 	-0.247516
0.44 	0.028352 	7.350164 	-0.128275 	-3.029847 	0.000000
0.45 	0.030827 	8.879126 	-0.164220 	-2.474553 	0.247516
0.46 	0.035102 	10.000000 	-0.195997 	-1.839915 	0.427527
0.47 	0.039603 	10.000000 	-0.222727 	-1.146408 	0.450029
0.48 	0.045453 	10.000000 	-0.243648 	-0.442628 	0.585037
0.49 	0.053103 	10.000000 	-0.258497 	0.266016 	0.765049
0.50 	0.059629 	10.000000 	-0.267070 	0.974521 	0.652542
0.51 	0.067729 	10.000000 	-0.269102 	1.674528 	0.810052
0.52 	0.075155 	10.000000 	-0.264499 	2.360735 	0.742548
0.53 	0.083030 	10.000000 	-0.253136 	3.025379 	0.787550
0.54 	0.091806 	10.000000 	-0.235001 	3.662106 	0.877556
0.55 	0.100581 	10.000000 	-0.210162 	4.265290 	0.877556
0.56 	0.108907 	10.000000 	-0.178711 	4.828564 	0.832553
0.57 	0.118133 	10.000000 	-0.140794 	5.345390 	0.922559
0.58 	0.126683 	10.000000 	-0.096675 	5.811152 	0.855055
0.59 	0.136134 	10.000000 	-0.046615 	6.219921 	0.945060
0.60 	0.145134 	10.000000 	0.008996 	6.568059 	0.900058
0.61 	0.155035 	10.000000 	0.069769 	6.850970 	0.990063
0.62 	0.163810 	10.000000 	0.135205 	7.066193 	0.877556
0.63 	0.173261 	8.335168 	0.204835 	7.209629 	0.945060
0.64 	0.182712 	6.343587 	0.278070 	7.218955 	0.945060
0.65 	0.191937 	4.143519 	0.353697 	7.082980 	0.922559
0.66 	0.201163 	1.766817 	0.430358 	6.796354 	0.922559
0.67 	0.210388 	-0.748548 	0.506584 	6.356880 	0.922559
0.68 	0.220514 	-3.359471 	0.580831 	5.765487 	1.012565
0.69 	0.229065 	-6.016455 	0.651475 	5.027411 	0.855055
0.70 	0.232890 	-8.671622 	0.716977 	4.148550 	0.382524
0.71 	0.233565 	-10.000000 	0.775914 	3.134518 	0.067504
0.72 	0.231990 	-10.000000 	0.826811 	2.042611 	-0.157510
0.73 	0.228840 	-10.000000 	0.868680 	0.930801 	-0.315020
0.74 	0.223439 	-10.000000 	0.901055 	-0.191774 	-0.540035
0.75 	0.217814 	-10.000000 	0.923565 	-1.316539 	-0.562536
0.76 	0.211739 	-10.000000 	0.935842 	-2.432524 	-0.607539
0.77 	0.204088 	-10.000000 	0.937621 	-3.528990 	-0.765049
0.78 	0.196663 	-10.000000 	0.928775 	-4.596559 	-0.742548
0.79 	0.189687 	-10.000000 	0.909202 	-5.624013 	-0.697545
0.80 	0.181137 	-10.000000 	0.878900 	-6.600171 	-0.855055
0.81 	0.171911 	-10.000000 	0.838053 	-7.516538 	-0.922559
0.82 	0.163810 	-10.000000 	0.786902 	-8.364118 	-0.810052
0.83 	0.154810 	-10.000000 	0.725723 	-9.132479 	-0.900058
0.84 	0.147159 	-10.000000 	0.654980 	-9.814165 	-0.765049
0.85 	0.137259 	-10.000000 	0.575145 	-10.399968 	-0.990063
0.86 	0.127808 	-10.000000 	0.486931 	-10.885617 	-0.945060
0.87 	0.119708 	-10.000000 	0.391021 	-11.264749 	-0.810052
0.88 	0.109807 	-10.000000 	0.288154 	-11.530983 	-0.990063
0.89 	0.100806 	-9.574744 	0.179274 	-11.682566 	-0.900058
0.90 	0.091131 	-6.477773 	0.065277 	-11.700256 	-0.967562
0.91 	0.082130 	-3.044842 	-0.052657 	-11.486079 	-0.900058
0.92 	0.072905 	0.674254 	-0.172377 	-11.030889 	-0.922559
0.93 	0.063679 	4.618695 	-0.291529 	-10.331144 	-0.922559
0.94 	0.054678 	8.719912 	-0.407645 	-9.388061 	-0.900058
0.95 	0.051078 	10.000000 	-0.518193 	-8.207853 	-0.360023
0.96 	0.050628 	10.000000 	-0.620793 	-6.902520 	-0.045003
0.97 	0.051078 	10.000000 	-0.714023 	-5.528847 	0.045003
0.98 	0.054003 	10.000000 	-0.796894 	-4.098871 	0.292519
0.99 	0.058954 	10.000000 	-0.868557 	-2.623531 	0.495032
1.00 	0.063229 	10.000000 	-0.928229 	-1.114839 	0.427527
1.01 	0.070204 	10.000000 	-0.975120 	0.411688 	0.697545
1.02 	0.076505 	10.000000 	-1.008687 	1.944017 	0.630040
1.03 	0.084380 	10.000000 	-1.028368 	3.466121 	0.787550
1.04 	0.091131 	10.000000 	-1.033821 	4.964456 	0.675043
1.05 	0.099681 	10.000000 	-1.024731 	6.422533 	0.855055
1.06 	0.108457 	10.000000 	-1.001041 	7.827405 	0.877556
1.07 	0.116782 	10.000000 	-0.962764 	9.164747 	0.832553
1.08 	0.125333 	10.000000 	-0.910035 	10.420004 	0.855055
1.09 	0.134109 	10.000000 	-0.843160 	11.580061 	0.877556
1.10 	0.143334 	10.000000 	-0.762589 	12.632622 	0.922559
1.11 	0.151660 	10.000000 	-0.668922 	13.566598 	0.832553
1.12 	0.161560 	10.000000 	-0.562838 	14.370451 	0.990063
1.13 	0.170786 	10.000000 	-0.445248 	15.036624 	0.922559
1.14 	0.180012 	10.000000 	-0.317090 	15.556319 	0.922559
1.15 	0.189462 	10.000000 	-0.179447 	15.922878 	0.945060
1.16 	0.198688 	10.000000 	-0.033517 	16.131363 	0.922559
1.17 	0.207238 	10.000000 	0.119425 	16.177857 	0.855055
1.18 	0.217139 	10.000000 	0.278038 	16.059517 	0.990063
1.19 	0.226815 	10.000000 	0.440829 	15.777407 	0.967562
1.20 	0.236265 	5.367401 	0.606318 	15.332459 	0.945060
1.21 	0.246391 	0.050987 	0.772983 	14.557688 	1.012565
1.22 	0.254941 	-5.546288 	0.937544 	13.439399 	0.855055
1.23 	0.264842 	-10.000000 	1.096545 	11.980301 	0.990063
1.24 	0.267992 	-10.000000 	1.246331 	10.242350 	0.315020
1.25 	0.268892 	-10.000000 	1.384024 	8.401397 	0.090006
1.26 	0.268217 	-10.000000 	1.508238 	6.472282 	-0.067504
1.27 	0.264617 	-10.000000 	1.617664 	4.471633 	-0.360023
1.28 	0.258992 	-10.000000 	1.711158 	2.415438 	-0.562536
1.29 	0.254266 	-10.000000 	1.787663 	0.321414 	-0.472530
1.30 	0.248416 	-10.000000 	1.846156 	-1.788862 	-0.585037
1.31 	0.240315 	-10.000000 	1.885866 	-3.895721 	-0.810052
1.32 	0.233115 	-10.000000 	1.906231 	-5.980605 	-0.720046
1.33 	0.224789 	-10.000000 	1.906740 	-8.021430 	-0.832553
1.34 	0.216914 	-10.000000 	1.887160 	-9.998622 	-0.787550
1.35 	0.207913 	-10.000000 	1.847387 	-11.891267 	-0.900058
1.36 	0.200038 	-10.000000 	1.787577 	-13.680867 	-0.787550
1.37 	0.190812 	-10.000000 	1.707999 	-15.347229 	-0.922559
1.38 	0.182037 	-10.000000 	1.609221 	-16.873987 	-0.877556
1.39 	0.173261 	-10.000000 	1.491931 	-18.243972 	-0.877556
1.40 	0.163360 	-10.000000 	1.357030 	-19.441923 	-0.990063
1.41 	0.154360 	-10.000000 	1.205642 	-20.455414 	-0.900058
1.42 	0.145584 	-10.000000 	1.038987 	-21.271455 	-0.877556
1.43 	0.135909 	-10.000000 	0.858480 	-21.879662 	-0.967562
1.44 	0.126908 	-10.000000 	0.665732 	-22.272897 	-0.900058
1.45 	0.117233 	-10.000000 	0.462427 	-22.444320 	-0.967562
1.46 	0.107782 	-10.000000 	0.250428 	-22.390766 	-0.945060
1.47 	0.097881 	-10.000000 	0.031663 	-22.110272 	-0.990063
1.48 	0.088656 	-9.208473 	-0.191827 	-21.603888 	-0.922559
1.49 	0.079655 	-2.282260 	-0.417977 	-20.844690 	-0.900058
1.50 	0.070655 	5.114809 	-0.644364 	-19.614005 	-0.900058
1.51 	0.061654 	10.000000 	-0.866280 	-17.911339 	-0.900058
1.52 	0.057154 	10.000000 	-1.078846 	-15.850706 	-0.450029
1.53 	0.056254 	10.000000 	-1.278305 	-13.629298 	-0.090006
1.54 	0.056479 	10.000000 	-1.462709 	-11.263657 	0.022501
1.55 	0.060079 	10.000000 	-1.630112 	-8.774727 	0.360023
1.56 	0.064354 	10.000000 	-1.778791 	-6.182350 	0.427527
1.57 	0.069979 	10.000000 	-1.907060 	-3.510655 	0.562536
1.58 	0.075605 	10.000000 	-2.013439 	-0.784037 	0.562536
1.59 	0.083480 	10.000000 	-2.096589 	1.970785 	0.787550
1.60 	0.090006 	10.000000 	-2.155473 	4.729091 	0.652542
1.61 	0.097881 	10.000000 	-2.189132 	7.461808 	0.787550
1.62 	0.106432 	10.000000 	-2.196960 	10.142882 	0.855055
1.63 	0.114757 	10.000000 	-2.178569 	12.745752 	0.832553
1.64 	0.123308 	10.000000 	-2.133786 	15.243357 	0.855055
1.65 	0.131633 	10.000000 	-2.062720 	17.609927 	0.832553
1.66 	0.140634 	10.000000 	-1.965727 	19.820236 	0.900058
1.67 	0.149410 	10.000000 	-1.843459 	21.851386 	0.877556
1.68 	0.158410 	10.000000 	-1.696788 	23.681027 	0.900058
1.69 	0.168086 	10.000000 	-1.526858 	25.289106 	0.967562
1.70 	0.177086 	10.000000 	-1.335070 	26.658097 	0.900058
1.71 	0.186087 	10.000000 	-1.123002 	27.771163 	0.900058
1.72 	0.196213 	10.000000 	-0.892483 	28.614621 	1.012565
1.73 	0.203638 	10.000000 	-0.645584 	29.178617 	0.742548
1.74 	0.214439 	10.000000 	-0.384413 	29.451674 	1.080069
1.75 	0.223889 	10.000000 	-0.111484 	29.431972 	0.945060
1.76 	0.233115 	10.000000 	0.170745 	29.115261 	0.922559
1.77 	0.243241 	10.000000 	0.459649 	28.501491 	1.012565
1.78 	0.252241 	10.000000 	0.752466 	27.594853 	0.900058
1.79 	0.262592 	4.244483 	1.046447 	26.400219 	1.035066
1.80 	0.271817 	-5.397462 	1.338707 	24.717531 	0.922559
1.81 	0.281268 	-10.000000 	1.624344 	22.422824 	0.945060
1.82 	0.285543 	-10.000000 	1.896990 	19.730357 	0.427527
1.83 	0.285093 	-10.000000 	2.152387 	16.831766 	-0.045003
1.84 	0.285093 	-10.000000 	2.388020 	13.748636 	0.000000
1.85 	0.281943 	-10.000000 	2.601317 	10.510465 	-0.315020
1.86 	0.277443 	-10.000000 	2.790035 	7.144526 	-0.450029
1.87 	0.272267 	-10.000000 	2.952059 	3.681674 	-0.517533
1.88 	0.264842 	-10.000000 	3.085483 	0.154806 	-0.742548
1.89 	0.258767 	-10.000000 	3.188715 	-3.403994 	-0.607539
1.90 	0.250666 	-10.000000 	3.260299 	-6.957934 	-0.810052
1.91 	0.243916 	-10.000000 	3.299217 	-10.473716 	-0.675043
1.92 	0.235365 	-10.000000 	3.304624 	-13.914280 	-0.855055
1.93 	0.226364 	-10.000000 	3.276128 	-17.246506 	-0.900058
1.94 	0.217814 	-10.000000 	3.213607 	-20.436503 	-0.855055
1.95 	0.208813 	-10.000000 	3.117240 	-23.450445 	-0.900058
1.96 	0.199813 	-10.000000 	2.987584 	-26.256948 	-0.900058
1.97 	0.191037 	-10.000000 	2.825514 	-28.825879 	-0.877556
1.98 	0.181587 	-10.000000 	2.632228 	-31.128925 	-0.945060
1.99 	0.173261 	-10.000000 	2.409284 	-33.141170 	-0.832553
2.00 	0.163585 	-10.000000 	2.158481 	-34.838318 	-0.967562
2.01 	0.154585 	-10.000000 	1.882014 	-36.201783 	-0.900058
2.02 	0.145584 	-10.000000 	1.582270 	-37.213838 	-0.900058
2.03 	0.135009 	-10.000000 	1.261924 	-37.860857 	-1.057568
2.04 	0.126233 	-10.000000 	0.923941 	-38.134509 	-0.877556
2.05 	0.116782 	-10.000000 	0.571353 	-38.026298 	-0.945060
2.06 	0.107557 	-10.000000 	0.207478 	-37.534260 	-0.922559
2.07 	0.098331 	-10.000000 	-0.164263 	-36.659230 	-0.922559
2.08 	0.088656 	-10.000000 	-0.540322 	-35.406137 	-0.967562
2.09 	0.079205 	-1.392455 	-0.917058 	-33.784247 	-0.945060
2.10 	0.069529 	10.000000 	-1.290815 	-31.490804 	-0.967562
2.11 	0.060754 	10.000000 	-1.654764 	-28.451723 	-0.877556
2.12 	0.056929 	10.000000 	-2.001126 	-25.120938 	-0.382524
2.13 	0.056254 	10.000000 	-2.326528 	-21.523248 	-0.067504
2.14 	0.056479 	10.000000 	-2.627659 	-17.688406 	0.022501
2.15 	0.060079 	10.000000 	-2.901307 	-13.651374 	0.360023
2.16 	0.064804 	10.000000 	-3.144578 	-9.446687 	0.472530
2.17 	0.069754 	10.000000 	-3.354744 	-5.113447 	0.495032
2.18 	0.076280 	10.000000 	-3.529331 	-0.693443 	0.652542
2.19 	0.083030 	10.000000 	-3.666248 	3.771772 	0.675043
2.20 	0.090231 	10.000000 	-3.763692 	8.238255 	0.720046
2.21 	0.097881 	10.000000 	-3.820243 	12.661866 	0.765049
2.22 	0.105982 	10.000000 	-3.834873 	16.998454 	0.810052
2.23 	0.114757 	10.000000 	-3.806956 	21.204296 	0.877556
2.24 	0.122858 	10.000000 	-3.736291 	25.236795 	0.810052
2.25 	0.132083 	10.000000 	-3.623045 	29.053138 	0.922559
2.26 	0.141084 	10.000000 	-3.467886 	32.614279 	0.900058
2.27 	0.149860 	10.000000 	-3.271847 	35.881809 	0.877556
2.28 	0.159085 	10.000000 	-3.036381 	38.819871 	0.922559
2.29 	0.168536 	10.000000 	-2.763379 	41.396309 	0.945060
2.30 	0.177086 	10.000000 	-2.455111 	43.582006 	0.855055
2.31 	0.187212 	10.000000 	-2.114182 	45.350193 	1.012565
2.32 	0.196438 	10.000000 	-1.743645 	46.680802 	0.922559
2.33 	0.205438 	10.000000 	-1.346777 	47.555146 	0.900058
2.34 	0.214664 	10.000000 	-0.927183 	47.959676 	0.922559
2.35 	0.225239 	10.000000 	-0.488750 	47.885914 	1.057568
2.36 	0.234015 	10.000000 	-0.035630 	47.331351 	0.877556
2.37 	0.244816 	10.000000 	0.427963 	46.294700 	1.080069
2.38 	0.253366 	10.000000 	0.897512 	44.783807 	0.855055
2.39 	0.263492 	10.000000 	1.368572 	42.806505 	1.012565
2.40 	0.272492 	-3.569704 	1.836475 	40.379692 	0.900058
2.41 	0.281718 	-10.000000 	2.296653 	37.025219 	0.922559
2.42 	0.286668 	-10.000000 	2.739544 	33.046839 	0.495032
2.43 	0.287118 	-10.000000 	3.158438 	28.717113 	0.045003
2.44 	0.287118 	-10.000000 	3.549121 	24.070744 	0.000000
2.45 	0.283743 	-10.000000 	3.907423 	19.150524 	-0.337522
2.46 	0.279693 	-10.000000 	4.229562 	13.999105 	-0.405026
2.47 	0.273167 	-10.000000 	4.511946 	8.664928 	-0.652542
2.48 	0.267767 	-10.000000 	4.751403 	3.196711 	-0.540035
2.49 	0.260567 	-10.000000 	4.945005 	-2.350935 	-0.720046
2.50 	0.252691 	-10.000000 	5.090370 	-7.925365 	-0.787550
