#time[s] 	 x_1[m] 	 u[V] 	 xhat_1[m] 	 xhat_2[m/s] 	 diff[m/s]
0.00 	0.000000 	0.000000 	0.000000 	0.000000 	0.000000
0.01 	0.000000 	10.000000 	0.000000 	0.000000 	0.000000
0.02 	0.001125 	10.000000 	0.000000 	0.366005 	0.112507
0.03 	0.003375 	10.000000 	0.003721 	0.719251 	0.225014
0.04 	0.007200 	10.000000 	0.010895 	1.059174 	0.382524
0.05 	0.013051 	10.000000 	0.021287 	1.385515 	0.585037
0.06 	0.018901 	10.000000 	0.034698 	1.698292 	0.585037
0.07 	0.025427 	7.338689 	0.050829 	1.996804 	0.652542
0.08 	0.033302 	1.925283 	0.069426 	2.183353 	0.787550
0.09 	0.040953 	-1.048653 	0.089311 	2.160810 	0.765049
0.10 	0.049053 	-2.446813 	0.108310 	2.025407 	0.810052
0.11 	0.056254 	-2.885358 	0.125367 	1.839415 	0.720046
0.12 	0.059179 	-2.764126 	0.140033 	1.640192 	0.292519
0.13 	0.058954 	-2.301107 	0.152072 	1.447962 	-0.022501
0.14 	0.057379 	-1.655876 	0.161528 	1.274774 	-0.157510
0.15 	0.054003 	-0.952561 	0.168657 	1.127097 	-0.337522
0.16 	0.049053 	-0.255560 	0.173743 	1.006345 	-0.495032
0.17 	0.034877 	0.399746 	0.177079 	0.911501 	-1.417591
0.18 	0.041178 	1.105588 	0.178522 	0.837153 	0.630040
0.19 	0.037127 	1.504593 	0.179484 	0.793238 	-0.405026
0.20 	0.036452 	1.839781 	0.179736 	0.763533 	-0.067504
0.21 	0.032627 	2.067409 	0.179641 	0.746802 	-0.382524
0.22 	0.034202 	2.260853 	0.179178 	0.737534 	0.157510
0.23 	0.036452 	2.347282 	0.178732 	0.736485 	0.225014
0.24 	0.040503 	2.357524 	0.178421 	0.739701 	0.405026
0.25 	0.046128 	2.298830 	0.178377 	0.744896 	0.562536
0.26 	0.051978 	2.182741 	0.178691 	0.749992 	0.585037
0.27 	0.058954 	2.037839 	0.179355 	0.752839 	0.697545
0.28 	0.066154 	1.869415 	0.180388 	0.752770 	0.720046
0.29 	0.073580 	1.693822 	0.181753 	0.748973 	0.742548
0.30 	0.082130 	1.520276 	0.183406 	0.741276 	0.855055
0.31 	0.090456 	1.340861 	0.185355 	0.730226 	0.832553
0.32 	0.098106 	1.169464 	0.187538 	0.715524 	0.765049
0.33 	0.106657 	1.019262 	0.189868 	0.697235 	0.855055
0.34 	0.115207 	0.874247 	0.192351 	0.676563 	0.855055
0.35 	0.123308 	0.736945 	0.194955 	0.653723 	0.810052
0.36 	0.131858 	0.614241 	0.197627 	0.628849 	0.855055
0.37 	0.140634 	0.496478 	0.200367 	0.602701 	0.877556
0.38 	0.148735 	0.380703 	0.203172 	0.575567 	0.810052
0.39 	0.155935 	0.277392 	0.205990 	0.547264 	0.720046
0.40 	0.165161 	0.194805 	0.208762 	0.517929 	0.922559
0.41 	0.171686 	0.095864 	0.211589 	0.489175 	0.652542
0.42 	0.179787 	0.025611 	0.214328 	0.459296 	0.810052
0.43 	0.187437 	-0.050960 	0.217058 	0.430039 	0.765049
0.44 	0.194637 	-0.125553 	0.219760 	0.400976 	0.720046
0.45 	0.202288 	-0.193460 	0.222415 	0.372006 	0.765049
0.46 	0.209263 	-0.264787 	0.225049 	0.343566 	0.697545
0.47 	0.216014 	-0.329507 	0.227633 	0.315254 	0.675043
0.48 	0.222314 	-0.388418 	0.230159 	0.287238 	0.630040
0.49 	0.228165 	-0.439140 	0.232608 	0.259566 	0.585037
0.50 	0.234690 	-0.480709 	0.234964 	0.232378 	0.652542
0.51 	0.239190 	-0.528579 	0.237273 	0.206293 	0.450029
0.52 	0.243916 	-0.553744 	0.239439 	0.180262 	0.472530
0.53 	0.247741 	-0.571891 	0.241483 	0.155258 	0.382524
0.54 	0.254041 	-0.576722 	0.243373 	0.131195 	0.630040
0.55 	0.254491 	-0.611926 	0.245261 	0.109563 	0.045003
0.56 	0.257641 	-0.585325 	0.246854 	0.086855 	0.315020
0.57 	0.259892 	-0.565775 	0.248305 	0.066554 	0.225014
0.58 	0.260792 	-0.542370 	0.249596 	0.048017 	0.090006
0.59 	0.261917 	-0.502503 	0.250680 	0.030851 	0.112507
0.60 	0.263492 	-0.461407 	0.251595 	0.015779 	0.157510
0.61 	0.264167 	-0.430705 	0.252394 	0.003015 	0.067504
0.62 	0.265067 	-0.397435 	0.253059 	-0.008213 	0.090006
0.63 	0.264842 	-0.369578 	0.253625 	-0.017726 	-0.022501
0.64 	0.264842 	-0.332453 	0.254053 	-0.026188 	0.000000
0.65 	0.265742 	-0.296626 	0.254373 	-0.033155 	0.090006
0.66 	0.264167 	-0.277213 	0.254655 	-0.038331 	-0.157510
0.67 	0.263492 	-0.234981 	0.254785 	-0.043342 	-0.067504
0.68 	0.263267 	-0.195275 	0.254821 	-0.046944 	-0.022501
0.69 	0.261467 	-0.166115 	0.254807 	-0.049066 	-0.180012
0.70 	0.261242 	-0.123244 	0.254676 	-0.050749 	-0.022501
0.71 	0.260342 	-0.096978 	0.254523 	-0.050839 	-0.090006
0.72 	0.259442 	-0.072452 	0.254328 	-0.050259 	-0.090006
0.73 	0.259442 	-0.050222 	0.254102 	-0.049081 	0.000000
0.74 	0.258317 	-0.042837 	0.253899 	-0.047042 	-0.112507
0.75 	0.257191 	-0.028519 	0.253667 	-0.045170 	-0.112507
0.76 	0.258092 	-0.010693 	0.253405 	-0.043194 	0.090006
0.77 	0.256291 	-0.019555 	0.253226 	-0.040178 	-0.180012
0.78 	0.256291 	-0.005428 	0.252990 	-0.038235 	0.000000
0.79 	0.255166 	-0.003425 	0.252785 	-0.035752 	-0.112507
0.80 	0.255166 	0.007463 	0.252556 	-0.033649 	0.000000
0.81 	0.254041 	0.007641 	0.252361 	-0.031132 	-0.112507
0.82 	0.254041 	0.017629 	0.252140 	-0.029067 	0.000000
0.83 	0.253366 	0.017487 	0.251952 	-0.026623 	-0.067504
0.84 	0.251791 	0.021263 	0.251762 	-0.024465 	-0.157510
0.85 	0.253366 	0.039914 	0.251519 	-0.022792 	0.157510
0.86 	0.252241 	0.022763 	0.251391 	-0.019781 	-0.112507
0.87 	0.252241 	0.023809 	0.251239 	-0.017898 	0.000000
0.88 	0.252016 	0.020042 	0.251114 	-0.015986 	-0.022501
0.89 	0.251791 	0.017148 	0.251003 	-0.014320 	-0.022501
0.90 	0.252466 	0.015203 	0.250902 	-0.012865 	0.067504
0.91 	0.252241 	0.001701 	0.250858 	-0.011227 	-0.022501
0.92 	0.251791 	-0.004970 	0.250820 	-0.010214 	-0.045003
0.93 	0.252241 	-0.004034 	0.250770 	-0.009644 	0.045003
0.94 	0.251791 	-0.011125 	0.250753 	-0.008864 	-0.045003
0.95 	0.252466 	-0.009854 	0.250721 	-0.008542 	0.067504
0.96 	0.252466 	-0.019352 	0.250729 	-0.007906 	0.000000
0.97 	0.252016 	-0.025074 	0.250744 	-0.007644 	-0.045003
0.98 	0.252016 	-0.022018 	0.250736 	-0.007784 	0.000000
0.99 	0.251341 	-0.020322 	0.250727 	-0.007804 	-0.067504
1.00 	0.252241 	-0.010165 	0.250682 	-0.008024 	0.090006
1.01 	0.251566 	-0.017543 	0.250686 	-0.007492 	-0.067504
1.02 	0.252016 	-0.012728 	0.250659 	-0.007517 	0.045003
1.03 	0.252241 	-0.016729 	0.250657 	-0.007176 	0.022501
1.04 	0.251566 	-0.022418 	0.250671 	-0.006904 	-0.067504
1.05 	0.252691 	-0.016253 	0.250650 	-0.007123 	0.112507
1.06 	0.252241 	-0.028554 	0.250689 	-0.006655 	-0.045003
1.07 	0.252241 	-0.028931 	0.250706 	-0.006848 	0.000000
1.08 	0.252466 	-0.028668 	0.250720 	-0.007054 	0.022501
1.09 	0.252016 	-0.031199 	0.250744 	-0.007160 	-0.045003
1.10 	0.252916 	-0.025873 	0.250741 	-0.007542 	0.090006
1.11 	0.251791 	-0.035069 	0.250783 	-0.007359 	-0.112507
1.12 	0.252016 	-0.024058 	0.250764 	-0.007979 	0.022501
1.13 	0.250666 	-0.020803 	0.250752 	-0.008078 	-0.135009
1.14 	0.252016 	-0.000420 	0.250666 	-0.008582 	0.135009
1.15 	0.252016 	-0.008771 	0.250653 	-0.007755 	0.000000
1.16 	0.252016 	-0.014405 	0.250649 	-0.007258 	0.000000
1.17 	0.252466 	-0.018068 	0.250650 	-0.006985 	0.045003
1.18 	0.252241 	-0.026569 	0.250678 	-0.006678 	-0.022501
1.19 	0.252016 	-0.027985 	0.250696 	-0.006793 	-0.022501
1.20 	0.252016 	-0.025249 	0.250699 	-0.007051 	0.000000
1.21 	0.251791 	-0.023432 	0.250700 	-0.007201 	-0.022501
1.22 	0.251566 	-0.019158 	0.250687 	-0.007369 	-0.022501
1.23 	0.252241 	-0.013735 	0.250660 	-0.007457 	0.067504
1.24 	0.252016 	-0.020433 	0.250671 	-0.007067 	-0.022501
1.25 	0.252466 	-0.021221 	0.250673 	-0.007030 	0.045003
1.26 	0.251566 	-0.027892 	0.250699 	-0.006845 	-0.090006
1.27 	0.252016 	-0.018858 	0.250678 	-0.007277 	0.045003
1.28 	0.252466 	-0.020036 	0.250677 	-0.007177 	0.045003
1.29 	0.251791 	-0.027025 	0.250702 	-0.006946 	-0.067504
1.30 	0.252466 	-0.021356 	0.250691 	-0.007255 	0.067504
1.31 	0.252241 	-0.027446 	0.250714 	-0.007074 	-0.022501
1.32 	0.251566 	-0.027487 	0.250726 	-0.007221 	-0.067504
1.33 	0.252241 	-0.017828 	0.250699 	-0.007636 	0.067504
1.34 	0.252016 	-0.021879 	0.250706 	-0.007404 	-0.022501
1.35 	0.249541 	-0.021114 	0.250703 	-0.007421 	-0.247516
1.36 	0.252016 	0.013537 	0.250566 	-0.008385 	0.247516
1.37 	0.251791 	-0.002912 	0.250560 	-0.007014 	-0.022501
1.38 	0.252466 	-0.010312 	0.250556 	-0.006382 	0.067504
1.39 	0.252241 	-0.024423 	0.250596 	-0.005776 	-0.022501
1.40 	0.252241 	-0.029046 	0.250627 	-0.005813 	0.000000
1.41 	0.252016 	-0.031051 	0.250656 	-0.006029 	-0.022501
1.42 	0.252241 	-0.028354 	0.250669 	-0.006411 	0.022501
1.43 	0.251566 	-0.029390 	0.250689 	-0.006598 	-0.067504
1.44 	0.252241 	-0.020093 	0.250671 	-0.007089 	0.067504
1.45 	0.252691 	-0.024132 	0.250685 	-0.006950 	0.045003
1.46 	0.251791 	-0.032502 	0.250723 	-0.006791 	-0.090006
1.47 	0.252016 	-0.024179 	0.250713 	-0.007314 	0.022501
1.48 	0.252466 	-0.022356 	0.250710 	-0.007421 	0.045003
1.49 	0.251791 	-0.027523 	0.250731 	-0.007279 	-0.067504
1.50 	0.253816 	-0.020830 	0.250715 	-0.007605 	0.202513
1.51 	0.251791 	-0.045110 	0.250806 	-0.006870 	-0.202513
1.52 	0.252016 	-0.029694 	0.250791 	-0.007885 	0.022501
1.53 	0.252466 	-0.023561 	0.250778 	-0.008204 	0.045003
1.54 	0.252016 	-0.026303 	0.250787 	-0.008104 	-0.045003
1.55 	0.252241 	-0.021536 	0.250772 	-0.008290 	0.022501
1.56 	0.252241 	-0.022080 	0.250769 	-0.008200 	0.000000
1.57 	0.252241 	-0.022529 	0.250766 	-0.008131 	0.000000
1.58 	0.252241 	-0.022886 	0.250764 	-0.008080 	0.000000
1.59 	0.252016 	-0.023161 	0.250763 	-0.008044 	-0.022501
1.60 	0.252241 	-0.020252 	0.250750 	-0.008107 	0.022501
1.61 	0.252016 	-0.021911 	0.250750 	-0.007968 	-0.022501
1.62 	0.252016 	-0.019859 	0.250738 	-0.007983 	0.000000
1.63 	0.252016 	-0.018898 	0.250728 	-0.007918 	0.000000
1.64 	0.252016 	-0.018611 	0.250718 	-0.007816 	0.000000
1.65 	0.252691 	-0.018712 	0.250710 	-0.007703 	0.067504
1.66 	0.252241 	-0.028358 	0.250740 	-0.007328 	-0.045003
1.67 	0.252016 	-0.027327 	0.250747 	-0.007509 	-0.022501
1.68 	0.252016 	-0.023338 	0.250741 	-0.007738 	0.000000
1.69 	0.252466 	-0.021021 	0.250732 	-0.007810 	0.045003
1.70 	0.252241 	-0.026044 	0.250748 	-0.007614 	-0.022501
1.71 	0.252691 	-0.025639 	0.250752 	-0.007703 	0.045003
1.72 	0.251341 	-0.031485 	0.250780 	-0.007598 	-0.135009
1.73 	0.252691 	-0.015669 	0.250734 	-0.008255 	0.135009
1.74 	0.285093 	-0.025739 	0.250757 	-0.007759 	3.240207
1.75 	0.252691 	-0.480002 	0.252532 	0.005125 	-3.240207
1.76 	0.252016 	-0.265570 	0.252592 	-0.012566 	-0.067504
1.77 	0.252241 	-0.119538 	0.252435 	-0.022059 	0.022501
1.78 	0.252241 	-0.035320 	0.252204 	-0.025715 	0.000000
1.79 	0.252016 	0.010948 	0.251949 	-0.026066 	-0.022501
1.80 	0.252916 	0.035747 	0.251692 	-0.024698 	0.090006
1.81 	0.251791 	0.031405 	0.251511 	-0.022016 	-0.112507
1.82 	0.252016 	0.038978 	0.251306 	-0.019962 	0.022501
1.83 	0.251791 	0.034655 	0.251144 	-0.017535 	-0.022501
1.84 	0.251566 	0.030352 	0.251004 	-0.015379 	-0.022501
1.85 	0.252466 	0.026667 	0.250881 	-0.013491 	0.090006
1.86 	0.251791 	0.008290 	0.250831 	-0.011403 	-0.067504
1.87 	0.251341 	0.004633 	0.250769 	-0.010310 	-0.045003
1.88 	0.251791 	0.006749 	0.250697 	-0.009543 	0.045003
1.89 	0.251566 	-0.000254 	0.250660 	-0.008520 	-0.022501
1.90 	0.251791 	-0.002606 	0.250624 	-0.007864 	0.022501
1.91 	0.251116 	-0.008259 	0.250608 	-0.007216 	-0.067504
1.92 	0.251341 	-0.002928 	0.250564 	-0.007057 	0.022501
1.93 	0.252016 	-0.003992 	0.250535 	-0.006603 	0.067504
1.94 	0.251341 	-0.014841 	0.250549 	-0.005927 	-0.067504
1.95 	0.251566 	-0.011919 	0.250532 	-0.005944 	0.022501
1.96 	0.251116 	-0.013676 	0.250529 	-0.005758 	-0.045003
1.97 	0.251341 	-0.008658 	0.250503 	-0.005819 	0.022501
1.98 	0.251566 	-0.009370 	0.250490 	-0.005595 	0.022501
1.99 	0.251566 	-0.013310 	0.250492 	-0.005311 	0.000000
2.00 	0.251791 	-0.015729 	0.250497 	-0.005183 	0.022501
2.01 	0.252016 	-0.020225 	0.250515 	-0.005061 	0.022501
2.02 	0.251116 	-0.025645 	0.250545 	-0.005027 	-0.090006
2.03 	0.251791 	-0.015710 	0.250526 	-0.005559 	0.067504
2.04 	0.251791 	-0.019370 	0.250538 	-0.005434 	0.000000
2.05 	0.251566 	-0.021304 	0.250552 	-0.005453 	-0.022501
2.06 	0.251791 	-0.019020 	0.250552 	-0.005636 	0.022501
2.07 	0.251116 	-0.020692 	0.250562 	-0.005640 	-0.067504
2.08 	0.252016 	-0.012093 	0.250536 	-0.005975 	0.090006
2.09 	0.251566 	-0.019914 	0.250556 	-0.005618 	-0.045003
2.10 	0.251566 	-0.018020 	0.250554 	-0.005746 	0.000000
2.11 	0.251791 	-0.016877 	0.250551 	-0.005799 	0.022501
2.12 	0.251791 	-0.019357 	0.250560 	-0.005718 	0.000000
2.13 	0.251566 	-0.020658 	0.250569 	-0.005735 	-0.022501
2.14 	0.251341 	-0.018093 	0.250566 	-0.005891 	-0.022501
2.15 	0.251566 	-0.013468 	0.250549 	-0.006035 	0.022501
2.16 	0.251791 	-0.014170 	0.250543 	-0.005909 	0.022501
2.17 	0.251791 	-0.017886 	0.250552 	-0.005722 	0.000000
2.18 	0.252016 	-0.019986 	0.250561 	-0.005681 	0.022501
2.19 	0.252016 	-0.024141 	0.250583 	-0.005634 	0.000000
2.20 	0.252016 	-0.026124 	0.250604 	-0.005749 	0.000000
2.21 	0.251791 	-0.026760 	0.250623 	-0.005940 	-0.022501
2.22 	0.251116 	-0.023501 	0.250626 	-0.006245 	-0.067504
2.23 	0.251116 	-0.011998 	0.250590 	-0.006686 	0.000000
2.24 	0.251341 	-0.005809 	0.250552 	-0.006677 	0.022501
2.25 	0.250666 	-0.006150 	0.250528 	-0.006337 	-0.067504
2.26 	0.250891 	0.002276 	0.250472 	-0.006279 	0.022501
2.27 	0.250666 	0.002836 	0.250431 	-0.005804 	-0.022501
2.28 	0.251116 	0.005133 	0.250386 	-0.005398 	0.045003
2.29 	0.251116 	-0.000974 	0.250371 	-0.004727 	0.000000
2.30 	0.251791 	-0.005243 	0.250364 	-0.004299 	0.067504
2.31 	0.250891 	-0.017481 	0.250398 	-0.003773 	-0.090006
2.32 	0.251116 	-0.011732 	0.250387 	-0.004082 	0.022501
2.33 	0.251116 	-0.011554 	0.250386 	-0.004077 	0.000000
2.34 	0.250666 	-0.011486 	0.250384 	-0.004065 	-0.045003
2.35 	0.251116 	-0.005253 	0.250359 	-0.004227 	0.045003
2.36 	0.250666 	-0.008302 	0.250357 	-0.003968 	-0.045003
2.37 	0.251116 	-0.004031 	0.250334 	-0.004007 	0.045003
2.38 	0.250891 	-0.008246 	0.250337 	-0.003702 	-0.022501
2.39 	0.250666 	-0.007721 	0.250329 	-0.003651 	-0.022501
2.40 	0.250216 	-0.004483 	0.250311 	-0.003669 	-0.045003
2.41 	0.251116 	0.003251 	0.250269 	-0.003739 	0.090006
2.42 	0.250441 	-0.005562 	0.250278 	-0.003151 	-0.067504
2.43 	0.250666 	-0.001520 	0.250255 	-0.003176 	0.022501
2.44 	0.251566 	-0.002753 	0.250245 	-0.002955 	0.090006
2.45 	0.250666 	-0.016269 	0.250287 	-0.002428 	-0.090006
2.46 	0.251341 	-0.011098 	0.250283 	-0.002787 	0.067504
2.47 	0.250441 	-0.017302 	0.250312 	-0.002675 	-0.090006
2.48 	0.251566 	-0.007894 	0.250293 	-0.003161 	0.112507
2.49 	0.250666 	-0.018127 	0.250330 	-0.002833 	-0.090006
2.50 	0.250891 	-0.011025 	0.250319 	-0.003262 	0.022501
