0 21.6201590068	20.8529192419	20.8231156912	20.8754704822	21.0010180526	21.1614802028	21.2869064464	23.1991
1 22.4364444273	21.6759170737	21.6439358028	21.691632788	21.8150716686	21.9767278484	22.1035045868	23.0363
2 23.2474280061	22.4935582117	22.4594287872	22.5025260723	22.623878244	22.7867063552	22.9148108547	23.1991
3 24.0531441792	23.3058775214	23.2696292176	23.3081843512	23.427471599	23.5914497789	23.7208595435	23.1991
4 24.8536271588	24.1129096413	24.0745714427	24.1086414211	24.2258853358	24.390991955	24.5216847244	23.5247
5 25.648910935	24.9146889844	24.8742895882	24.9039308602	25.01915284	25.1853665005	25.3173202476	23.6875
6 26.439029277	25.7112497397	25.6688175584	25.69408603	25.807307282	25.974606815	26.1077997443	24.1759
7 27.2240157347	26.5026258738	26.4581890377	26.4791400766	26.5903816183	26.7587460823	26.8931566274	24.6643
8 28.0039036402	27.2888511322	27.2424374917	27.2591259319	27.3684085933	27.5378172715	27.6734240934	25.3155
9 28.7787261089	28.0699590406	28.0215961688	28.0340763156	28.14142074	28.311853139	28.4486351238	25.8039
10 29.5485160413	28.8459829066	28.7956981017	28.8040237358	28.9094503818	29.0808862291	29.2188224863	26.2923
11 30.3133061241	29.616955821	29.5647761088	29.569000491	29.6725296338	29.8449488761	29.984018736	26.9435
12 31.0731288318	30.3829106593	30.3288627953	30.329038671	30.4306904042	30.604073205	30.7442562175	27.5947
13 31.8280164279	31.1438800828	31.0879905549	31.0841701585	31.1839643953	31.3582911335	31.4995670654	28.5715
14 32.5780009664	31.8998965406	31.8421915711	31.8344266303	31.9323831052	32.1076343727	32.2499832062	29.0599
15 33.3231142929	32.6509922701	32.5914978185	32.579839559	32.675977829	32.8521344288	32.9955363595	30.0367
16 34.0633880465	33.3971992993	33.3359410641	33.3204402135	33.4147796601	33.5918226046	33.7362580394	30.8507
17 34.7988536606	34.1385494474	34.0755528689	34.0562596613	34.1488194913	34.3267300004	34.4721795557	31.8275
18 35.5295423644	34.8750743269	34.8103645889	34.7873287692	34.8781280165	35.0568875154	35.2033320152	32.4787
19 36.2554851844	35.6068053441	35.5404073768	35.5136782045	35.6027357317	35.7823258493	35.9297463235	33.1299
20 36.9767129454	36.3337737012	36.2657121829	36.2353384368	36.3226729362	36.5030755033	36.6514531854	33.9439
21 37.6932562722	37.0560103971	36.9863097567	36.9523397389	37.0379697341	37.2191667814	37.3684831071	34.9207
22 38.4051455906	37.7735462291	37.7022306482	37.6647121882	37.7486560356	37.9306297918	38.0808663969	35.7347
23 39.1124111287	38.4864117941	38.4135052092	38.3724856677	38.454761558	38.6374944481	38.7886331669	36.5487
24 39.8150829184	39.1946374895	39.1201635942	39.0756898679	39.1563158268	39.3397904706	39.4918133339	37.1999
25 40.5131907964	39.8982535153	39.8222357624	39.7743542872	39.8533481777	40.0375473873	40.1904366208	38.1767
26 41.2067644058	40.5972898746	40.5197514783	40.4685082338	40.5458877569	40.7307945357	40.884532558	38.9907
27 41.8958331969	41.2917763754	41.2127403133	41.1581808266	41.2339635228	41.4195610634	41.5741304845	39.8047
28 42.580426429	41.9817426316	41.9012316468	41.8434009967	41.9176042475	42.1038759298	42.2592595491	40.4559
29 43.2605731712	42.6672180644	42.5852546677	42.5241974881	42.5968385171	42.783767907	42.9399487118	41.2699
30 43.9363023038	43.3482319034	43.2648383754	43.2005988594	43.2716947339	43.4592655811	43.6162267448	42.2467
31 44.6076425195	44.0248131882	43.9400115811	43.872633485	43.9422011168	44.1303973536	44.288122234	43.0607
32 45.2746223248	44.6969907691	44.6108029088	44.5403295558	44.6083857031	44.7971914424	44.9556635801	43.5491
33 45.9372700408	45.3647933087	45.2772407971	45.2037150809	45.2702763491	45.4596758828	45.6188789994	44.3631
34 46.5956138048	46.0282492832	45.9393534997	45.8628178886	45.9279007319	46.1178785293	46.2777965257	45.0143
35 47.2496815714	46.6873869833	46.5971690872	46.5176656274	46.5812863499	46.7718270561	46.9324440111	45.9911
36 47.8995011135	47.3422345156	47.2507154479	47.1682857675	47.2304605243	47.4215489584	47.5828491269	46.4795
37 48.5451000237	47.9928198038	47.900020289	47.8147056015	47.8754504003	48.0670715541	48.2290393655	47.2935
38 49.1865057154	48.6391705898	48.5451111381	48.456952246	48.5162829481	48.7084219843	48.8710420409	47.7819
39 49.8237454238	49.2813144348	49.1860153439	49.0950526425	49.1529849641	49.3456272145	49.5088842901	48.5959
40 50.4568462073	49.919278721	49.8227600778	49.7290335586	49.7855830719	49.9787140363	50.1425930742	49.0843
41 51.0858349487	50.553090652	50.4553723349	50.3589215889	50.4141037235	50.6077090679	50.7721951798	49.8983
42 51.7107383559	51.1827772545	51.0838789349	50.9847431566	51.0385732005	51.2326387554	51.3977172197	50.5495
43 52.3315829636	51.8083653792	51.7083065235	51.6065245142	51.659017615	51.8535293743	52.0191856343	51.2007
44 52.948395134	52.4298817023	52.3286815735	52.2242917445	52.2754629108	52.4704070298	52.6366266926	51.8519
45 53.561201058	53.0473527259	52.945030386	52.8380707623	52.8879348646	53.0832976589	53.2500664936	52.5031
46 54.1700267567	53.6608047801	53.5573790913	53.4478873148	53.4964590867	53.6922270305	53.8595309668	53.3171
47 54.7748980819	54.2702640233	54.16575365	54.0537669831	54.1010610226	54.2972207472	54.465045874	53.8055
48 55.3758407176	54.8757564437	54.7701798545	54.6557351832	54.7017659537	54.8983042461	55.0666368099	54.2939
49 55.972880181	55.4773078605	55.3706833295	55.2538171668	55.2985989983	55.4955027998	55.6643292034	54.7823
50 56.5660418234	56.0749439247	55.9672895336	55.8480380229	55.891585113	56.0888415177	56.2581483184	55.4335
51 57.1553508317	56.6686901203	56.56002376	56.4384226782	56.4807490935	56.6783453468	56.8481192554	55.9219
52 57.740832229	57.2585717657	57.1489111381	57.0249958988	57.0661155756	57.264039073	57.434266952	56.5731
53 58.322510876	57.8446140141	57.7339766337	57.6077822906	57.6477090363	57.8459473217	58.0166161844	57.2243
54 58.9004114718	58.4268418553	58.315245051	58.1868063009	58.225553795	58.4240945594	58.5951915679	58.0383
55 59.4745585553	59.0052801164	58.892741033	58.762092219	58.7996740141	58.9985050945	59.1700175588	58.3639
56 60.0449765058	59.5799534628	59.4664890629	59.3336641776	59.3700937004	59.5692030781	59.7411184543	59.0151
57 60.6116895443	60.1508863995	60.0365134648	59.9015461533	59.936836706	60.1362125054	60.3085183947	59.3407
58 61.1747217345	60.7181032718	60.6028384051	60.4657619681	60.4999267291	60.6995572163	60.8722413635	59.9919
59 61.7340969839	61.2816282667	61.1654878935	61.0263352903	61.0593873155	61.2592608967	61.432311189	60.4803
60 62.2898390445	61.8414854138	61.7244857835	61.5832896352	61.6152418587	61.8153470796	61.9887515449	61.1315
61 62.8419715143	62.3976985862	62.279855774	62.1366483664	62.1675136019	62.3678391457	62.5415859516	61.7827
62 63.3905178379	62.9502915016	62.8316214103	62.6864346966	62.7162256382	62.9167603246	63.0908377771	62.2711
63 63.9355013075	63.4992877235	63.3798060844	63.2326716887	63.261400912	63.4621336957	63.6365302378	62.7595
64 64.4769450641	64.0447106618	63.9244330369	63.7753822568	63.8030622198	64.0039821895	64.1786863998	63.2479
65 65.0148720986	64.5865835741	64.4655253575	64.3145891668	64.341232211	64.542328588	64.7173291797	64.0619
66 65.5493052524	65.1249295668	65.0031059859	64.8503150379	64.8759333892	65.0771955261	65.2524813457	64.7131
67 66.0802672183	65.6597715957	65.537197713	65.3825823431	65.4071881128	65.6086054924	65.7841655181	65.5271
68 66.6077805423	66.1911324672	66.0678231818	65.9114134104	65.9350185963	66.13658083	66.312404171	65.8527
69 67.1318676233	66.7190348394	66.5950048883	66.4368304237	66.4594469108	66.6611437379	66.8372196327	66.3411
70 67.6525507152	67.2435012228	67.1187651826	66.9588554235	66.9804949853	67.1823162714	67.3586340868	66.5039
71 68.1698519272	67.7645539814	67.6391262696	67.4775103083	67.4981846072	67.7001203432	67.876669573	66.9923
72 68.6837932248	68.2822153337	68.1561102103	67.9928168349	68.0125374239	68.2145777246	68.3913479886	67.4807
73 69.194396431	68.7965073534	68.6697389223	68.5047966199	68.5235749428	68.7257100459	68.9026910884	67.9691
74 69.7016832269	69.3074519709	69.1800341811	69.0134711401	69.0313185329	69.2335387979	69.4107204868	68.2947
75 70.205675153	69.8150709735	69.6870176208	69.518861734	69.5357894256	69.7380853322	69.9154576577	68.6203
76 70.7063936096	70.3193860068	70.1907107351	70.020989602	70.0370087152	70.2393708627	70.4169239362	69.2715
77 71.2038598583	70.8204185756	70.6911348783	70.5198758078	70.5349973602	70.737416466	70.9151405187	69.9227
78 71.6980950223	71.3181900446	71.1883112661	71.015541279	71.0297761839	71.2322430824	71.4101284647	70.4111
79 72.1891200879	71.8127216396	71.6822609762	71.5080068084	71.5213658754	71.7238715172	71.9019086969	70.7367
80 72.6769559049	72.3040344481	72.17300495	71.9972930541	72.0097869906	72.2123224408	72.3905020025	71.3879
81 73.1616231878	72.7921494204	72.6605639927	72.4834205413	72.4950599527	72.6976163903	72.8759290342	72.0391
82 73.6431425163	73.2770873705	73.1449587744	72.9664096623	72.9772050533	73.1797737699	73.3582103105	72.6903
83 74.1215343368	73.7588689768	73.6262098313	73.4462806779	73.4562424533	73.6588148521	73.8373662172	72.8531
84 74.5968189628	74.2375147831	74.1043375661	73.9230537183	73.9321921836	74.1347597782	74.3134170079	73.1787
85 75.0690165755	74.7130451998	74.5793622493	74.3967487834	74.4050741461	74.6076285594	74.7863828049	73.6671
86 75.5381472256	75.185480504	75.0513040196	74.8673857443	74.8749081142	75.0774410776	75.2562836002	74.3183
87 76.0042308331	75.6548408411	75.5201828851	75.3349843435	75.3417137339	75.5442170861	75.7231392562	74.8067
88 76.4672871888	76.1211462254	75.9860187242	75.7995641963	75.8055105248	76.0079762106	76.1869695066	75.4579
89 76.9273359551	76.5844165408	76.4488312861	76.2611447913	76.2663178804	76.4687379499	76.6477939572	75.9463
90 77.3843966664	77.0446715417	76.9086401919	76.7197454911	76.7241550694	76.9265216768	77.1056320867	76.5975
91 77.8384887304	77.5019308543	77.3654649353	77.1753855337	77.1790412362	77.3813466391	77.5605032477	76.9231
92 78.2896314287	77.9562139766	77.8193248836	77.6280840324	77.6309954018	77.8332319597	78.0124266672	77.2487
93 78.7378439177	78.40754028	78.2702392782	78.0778599776	78.0800364646	78.2821966384	78.4614214477	77.5743
94 79.1831452294	78.8559290097	78.718227236	78.5247322367	78.5261832013	78.728259552	78.9075065681	78.0627
95 79.625554272	79.3013992856	79.1633077493	78.9687195556	78.9694542673	79.1714394552	79.3507008839	78.7139
96 80.0650898312	79.7439701033	79.6054996876	79.4098405589	79.4098681982	79.6117549816	79.7910231288	79.2023
97 80.5017705703	80.1836603346	80.0448217978	79.8481137511	79.8474434097	80.0492246443	80.2284919149	79.5279
98 80.9356150319	80.6204887286	80.481292705	80.2835575174	80.2821981989	80.483866837	80.6631257336	79.8535
99       	81.3666416375	81.0544739123	80.9149309136	80.7161901241	80.7141507453	80.9156998341	81.0949429567	80.3419
100       	81.7948686896	81.4856343915	81.3457548078	81.1460297195	81.1433191107	81.3447417921	81.5239618368	80.8303
101       	82.2203143714	81.9139885514	81.7737826525	81.5730943349	81.5697212408	81.7710107503	81.9502005083	81.3187
102       	82.6429967481	82.3395546577	82.1990325941	81.9974018853	81.9933749656	82.1945246311	82.373676988	81.6443
103       	83.0629337677	82.7623508572	82.6215226612	82.4189701698	82.4142980002	82.6153012414	82.7944091759	81.9699
104       	83.4801432615	83.1823951786	83.0412707653	82.8378168726	82.8325079454	83.0333582726	83.2124148561	82.2955
105       	83.8946429449	83.5997055331	83.458294702	83.253959564	83.2480222885	83.4487133021	83.6277116975	82.7839
106       	84.3064504185	84.0142997154	83.8726121509	83.6674157006	83.6608584044	83.8613837936	84.0403172544	83.2723
107       	84.7155831683	84.4261954046	84.2842406773	84.0782026263	84.0710335557	84.2713870979	84.4502489673	83.7607
108       	85.1220585669	84.8354101644	84.6931977323	84.4863375733	84.4785648938	84.6787404537	84.8575241639	84.0863
109       	85.525893874	85.2419614443	85.0995006536	84.8918376623	84.8834694596	85.0834609881	85.2621600593	84.2491
110       	85.9271062372	85.6458665804	85.5031666668	85.2947199035	85.2857641843	85.4855657178	85.6641737572	84.5747
111       	86.3257126928	86.0471427956	85.9042128852	85.6950011974	85.6854658896	85.8850715492	86.0635822505	85.0631
112       	86.7217301664	86.445807201	86.3026563114	86.0926983354	86.0825912891	86.2819952798	86.460402422	85.7143
113       	87.1151754736	86.8418767963	86.6985138376	86.4878280002	86.4771569885	86.6763535982	86.854651045	86.2027
114       	87.5060653208	87.2353684704	87.0918022462	86.8804067672	86.8691794867	87.0681630853	87.246344784	86.3655
115       	87.894416306	87.6262990024	87.4825382109	87.2704511046	87.2586751759	87.4574402148	87.6355001958	86.6911
116       	88.2802449193	88.0146850622	87.8707382969	87.6579773742	87.6456603428	87.8442013539	88.0221337296	87.0167
117       	88.6635675436	88.4005432111	88.2564189622	88.0430018324	88.0301511693	88.2284627641	88.4062617283	87.8307
118       	89.0444004557	88.7838899027	88.6395965578	88.4255406304	88.4121637328	88.6102406017	88.7879004287	88.1563
119       	89.4227598264	89.1647414834	89.0202873287	88.8056098153	88.7917140072	88.9895509186	89.1670659623	88.4819
120       	89.7986617215	89.5431141933	89.3985074144	89.1832253305	89.1688178631	89.366409663	89.5437743563	88.8075
121       	90.1721221026	89.9190241668	89.7742728495	89.5584030166	89.5434910693	89.74083268	89.9180415339	89.1331
122       	90.5431568275	90.2924874333	90.1475995649	89.9311586119	89.9157492927	90.1128357123	90.2898833151	89.4587
123       	90.9117816511	90.6635199177	90.5185033879	90.301507753	90.2856080992	90.4824344008	90.6593154174	89.6215
124       	91.2780122257	91.0321374415	90.8870000429	90.6694659755	90.6530829544	90.8496442854	91.0263534565	90.1099
125       	91.6418641024	91.3983557229	91.2531051526	91.0350487149	91.0181892242	91.2144808054	91.3910129468	90.5983
126       	92.0033527309	91.7621903782	91.616834238	91.3982713071	91.3809421756	91.5769593005	91.7533093023	91.0867
127       	92.3624934607	92.1236569218	91.9782027197	91.7591489886	91.7413569769	91.9370950111	92.1132578369	91.4123
128       	92.7193015417	92.4827707671	92.3372259179	92.117696898	92.099448699	92.2949030793	92.4708737655	91.5751
129       	93.0737921245	92.8395472273	92.6939190535	92.4739300758	92.4552323154	92.6503985491	92.8261722043	91.7379
130       	93.4259802615	93.1940015158	93.0482972487	92.8278634657	92.8087227032	93.0035963674	93.1791681715	92.2263
131       	93.7758809074	93.5461487471	93.4003755274	93.1795119147	93.1599346434	93.3545113844	93.5298765879	92.7147
132       	94.1235089194	93.8960039373	93.7501688161	93.528890174	93.5088828221	93.7031583546	93.8783122779	93.2031
133       	94.4688790587	94.2435820047	94.0976919444	93.8760128997	93.8555818305	94.0495519367	94.2244899695	93.5287
134       	94.8120059901	94.5888977706	94.4429596457	94.2208946532	94.2000461656	94.3937066949	94.5684242955	93.8543
135       	95.1529042837	94.9319659597	94.7859865576	94.5635499018	94.5422902314	94.7356370994	94.9101297938	94.3427
136       	95.4915884145	95.272801201	95.126787223	94.9039930195	94.8823283387	95.0753575266	95.2496209079	94.8311
137       	95.8280727638	95.6114180281	95.4653760901	95.2422382875	95.2201747061	95.4128822601	95.5869119881	95.3195
138       	96.1623716193	95.9478308803	95.8017675136	95.5782998948	95.5558434607	95.7482254913	95.9220172913	95.6451
139       	96.4944991759	96.2820541026	96.1359757549	95.9121919387	95.8893486384	96.0814013196	96.2549509822	95.8079
140       	96.8244695364	96.6141019469	96.4680149828	96.2439284257	96.2207041848	96.4124237536	96.5857271338	95.9707
141       	97.1522967121	96.943988572	96.7978992742	96.5735232717	96.5499239554	96.7413067112	96.9143597276	96.1335
142       	97.477994623	97.271728045	97.1256426148	96.9009903028	96.8770217164	97.0680640202	97.2408626549	96.4591
143       	97.8015770989	97.597334341	97.4512588993	97.2263432559	97.2020111456	97.3927094192	97.5652497167	96.7847
144       	98.1230578797	97.9208213444	97.7747619322	97.5495957791	97.5249058322	97.7152565581	97.8875346245	97.2731
145       	98.4424506162	98.2422028492	98.0961654286	97.8707614325	97.8457192782	98.0357189983	98.2077310012	97.5987
146       	98.7597688703	98.5614925595	98.4154830146	98.1898536886	98.1644648982	98.3541102139	98.5258523813	98.0871
147       	99.075026116	98.8787040904	98.7327282276	98.506885933	98.4811560206	98.6704435915	98.8419122115	98.2499
148       	99.3882357396	99.1938509681	99.0479145174	98.8218714648	98.7958058879	98.9847324315	99.1559238515	98.5755
149       	99.6994110408	99.5069466311	99.3610552464	99.1348234972	99.1084276569	99.2969899482	99.4679005744	98.9011
150       	100.0085652325	99.8180044302	99.6721636904	99.4457551582	99.4190344002	99.6072292706	99.7778555671	99.2267
151       	100.3157114421	100.1270376293	99.9812530388	99.7546794911	99.7276391055	99.9154634427	100.0858019314	99.5523
152       	100.6208627115	100.4340594061	100.2883363956	100.0616094548	100.0342546772	100.2217054242	100.3917526838	99.8779
153       	100.924031998	100.7390828525	100.5934267797	100.3665579247	100.3388939364	100.5259680912	100.6957207568	100.2035
154       	101.2252321749	101.042120975	100.8965371255	100.669537693	100.6415696215	100.8282642365	100.9977189988	100.3663
155       	101.5244760316	101.3431866958	101.1976802834	100.9705614694	100.942294389	101.1286065701	101.2977601751	100.5291
156       	101.8217762746	101.6422928526	101.4968690206	101.2696418814	101.2410808136	101.42700772	101.5958569684	101.0175
157       	102.1171455278	101.9394521998	101.7941160212	101.5667914752	101.5379413889	101.7234802326	101.8920219788	101.5059
158       	102.4105963331	102.2346774087	102.0894338871	101.8620227157	101.8328885283	102.018036573	102.1862677252	101.9943
159       	102.7021411511	102.5279810682	102.3828351384	102.1553479876	102.1259345649	102.3106891259	102.4786066451	101.9943
160       	102.9917923613	102.8193756851	102.6743322139	102.4467795956	102.4170917524	102.601450196	102.7690510954	102.3199
161       	103.2795622628	103.1088736849	102.9639374717	102.7363297648	102.7063722655	102.8903320084	103.0576133531	102.4827
162       	103.5654630749	103.3964874124	103.2516631899	103.0240106416	102.9937882004	103.1773467092	103.3443056156	102.9711
163       	103.8495069375	103.6822291316	103.5375215665	103.3098342938	103.2793515754	103.4625063659	103.629140001	103.2967
164       	104.1317059116	103.9661110272	103.8215247206	103.5938127113	103.5630743314	103.7458229681	103.9121285493	103.6223
165       	104.4120719799	104.2481452042	104.1036846927	103.8759578068	103.8449683321	104.027308428	104.193283222	103.7851
166       	104.6906170473	104.528343689	104.384013445	104.1562814159	104.125045365	104.3069745806	104.4726159035	104.1107
167       	104.9673529413	104.8067184296	104.6625228621	104.4347952978	104.4033171414	104.5848331845	104.7501384009	104.4363
168       	105.2422914127	105.0832812964	104.9392247515	104.7115111358	104.6797952973	104.8608959224	105.0258624449	104.9247
169       	105.5154441359	105.3580440824	105.2141308441	104.9864405379	104.9544913935	105.1351744015	105.2997996903	105.0875
170       	105.7868227095	105.631018504	105.4872527946	105.259595037	105.2274169164	105.4076801536	105.5719617161	105.4131
171       	106.0564386567	105.902216201	105.7586021822	105.5309860917	105.4985832784	105.6784246365	105.8423600265	105.5759
172       	106.3243034259	106.1716487379	106.0281905107	105.8006250864	105.7680018184	105.9474192336	106.1110060511	105.9015
173       	106.5904283912	106.4393276036	106.2960292094	106.0685233322	106.0356838019	106.2146752549	106.3779111452	106.2271
174       	106.8548248527	106.7052642123	106.5621296335	106.3346920671	106.3016404222	106.4802039371	106.6430865909	106.7155
175       	107.1175040373	106.969469904	106.8265030643	106.5991424565	106.5658828001	106.7440164446	106.9065435969	106.8783
176       	107.3784770987	107.2319559448	107.0891607101	106.861885594	106.8284219849	107.0061238692	107.1682932994	107.0411
177       	107.6377551184	107.4927335274	107.3501137063	107.1229325011	107.0892689547	107.2665372314	107.4283467624	107.0411
178       	107.8953491058	107.7518137719	107.6093731161	107.3822941285	107.3484346168	107.5252674803	107.6867149781	107.3667
179       	108.1512699989	108.0092077257	107.8669499309	107.6399813562	107.6059298082	107.7823254943	107.9434088676	107.6923
180       	108.4055286645	108.2649263646	108.1228550707	107.8960049938	107.8617652959	108.0377220814	108.1984392812	108.0179
181       	108.658135899	108.5189805927	108.3770993847	108.1503757813	108.1159517778	108.2914679798	108.4518169989	108.3435
182       	108.9091024284	108.7713812433	108.6296936517	108.403104389	108.3684998826	108.5435738583	108.7035527307	108.5063
183       	109.1584389095	109.0221390792	108.8806485805	108.6542014188	108.6194201707	108.7940503168	108.9536571174	108.8319
184       	109.4061559293	109.271264793	109.1299748104	108.9036774038	108.8687231341	109.0429078865	109.2021407308	108.9947
185       	109.6522640066	109.5187690078	109.3776829116	109.1515428092	109.1164191975	109.2901570307	109.449014074	109.3203
186       	109.8967735914	109.7646622775	109.6237833859	109.3978080328	109.3625187183	109.5358081451	109.6942875822	109.4831
187       	110.1396950662	110.0089550875	109.8682866667	109.6424834051	109.6070319871	109.7798715582	109.937971623	109.6459
188       	110.3810387458	110.2516578546	110.1112031199	109.8855791898	109.8499692282	110.0223575315	110.1800764968	109.8087
189       	110.6208148781	110.4927809282	110.352543044	110.1271055846	110.0913406	110.2632762605	110.4206124372	109.9715
190       	110.8590336446	110.7323345901	110.5923166705	110.3670727213	110.3311561955	110.5026378746	110.6595896114	110.2971333333
191       	111.0957051603	110.9703290551	110.8305341649	110.6054906661	110.5694260424	110.7404524379	110.8970181209	110.4599666667
192       	111.330839475	111.2067744717	111.0672056265	110.8423694204	110.8061601041	110.9767299492	111.1329080016	110.7856
193       	111.5644465727	111.4416809223	111.3023410889	111.077718921	111.0413682795	111.211480343	111.3672692245	111.1112
194       	111.7965363729	111.6750584237	111.5359505208	111.3115490405	111.2750604038	111.4447134894	111.6001116958	111.5996
195       	112.0271187305	111.9069169274	111.7680438262	111.5438695878	111.507246249	111.6764391946	111.8314452576	111.7624
196       	112.2562034366	112.1372663202	111.9986308448	111.7746903086	111.7379355237	111.9066672017	112.0612796883	111.9252
197       	112.4838002185	112.3661164245	112.2277213523	112.0040208854	111.9671378742	112.1354071906	112.2896247027	112.088
198       	112.7099187404	112.5934769989	112.4553250612	112.2318709383	112.1948628847	112.3626687787	112.516489953	112.4136
199       	112.9345686037	112.8193577383	112.6814516207	112.4582500256	112.4211200774	112.5884615212	112.7418850284	112.5764
200       	113.1577593475	113.0437682746	112.9061106176	112.6831676433	112.6459189133	112.8127949118	112.9658194565	112.5764
201       	113.3795004489	113.266718177	113.1293115763	112.9066332267	112.8692687922	113.0356783825	113.1883027026	112.902
202       	113.5998013233	113.4882169525	113.3510639595	113.1286561498	113.0911790536	113.2571213044	113.409344171	113.2276
203       	113.8186713253	113.7082740461	113.5713771686	113.3492457262	113.3116589766	113.4771329883	113.6289532051	113.716
204       	114.0361197485	113.9268988412	113.7902605436	113.5684112094	113.5307177805	113.6957226844	113.8471390875	113.8788
205       	114.2521558261	114.1441006605	114.0077233644	113.7861617931	113.7483646254	113.9128995836	114.0639110408	114.2044
206       	114.4667887314	114.3598887657	114.2237748502	114.0025066117	113.9646086119	114.128672817	114.2792782278	114.3672
207       	114.6800275781	114.5742723583	114.4384241607	114.2174547406	114.1794587825	114.3430514568	114.4932497519	114.53
208       	114.8918814208	114.78726058	114.6516803959	114.4310151966	114.392924121	114.5560445166	114.7058346576	114.3672
209       	115.1023592553	114.9988625129	114.863552597	114.6431969383	114.6050135534	114.7676609518	114.9170419308	114.6928
210       	115.3114700187	115.20908718	115.0740497463	114.8540088665	114.8157359483	114.9779096598	115.1268804989	114.6928
211       	115.5192225903	115.4179435457	115.2831807679	115.0634598246	115.0251001169	115.1867994806	115.3353592318	115.1812
212       	115.7256257917	115.6254405157	115.4909545281	115.2715585987	115.2331148139	115.3943391969	115.5424869416	115.344
213       	115.9306883872	115.8315869383	115.6973798353	115.4783139183	115.4397887374	115.6005375348	115.7482723837	115.8324
214       	116.134419084	116.0363916036	115.9024654412	115.6837344566	115.6451305294	115.805403164	115.9527242562	115.8324
215       	116.3368265331	116.2398632449	116.1062200403	115.8878288307	115.8491487762	116.0089446981	116.1558512014	115.6696
216       	116.537919329	116.4420105385	116.308652271	116.0906056021	116.0518520088	116.211170695	116.3576618053	115.6696
217       	116.7377060104	116.6428421043	116.5097707153	116.2920732771	116.2532487034	116.4120896573	116.5581645982	115.9952
218       	116.9361950608	116.8423665061	116.7095838998	116.492240307	116.4533472812	116.6117100327	116.7573680553	116.4836
219       	117.1333949083	117.0405922518	116.9081002956	116.6911150886	116.6521561094	116.8100402144	116.9552805968	116.8092
220       	117.3293139264	117.237527794	117.1053283189	116.8887059644	116.8496835011	117.007088541	117.1519105882	117.1348
221       	117.5239604342	117.4331815305	117.3012763312	117.0850212232	117.0459377159	117.2028632976	117.3472663412	117.2976
222       	117.7173426967	117.6275618042	117.4959526399	117.2800691001	117.2409269602	117.3973727155	117.5413561131	117.6232
223       	117.9094689254	117.8206769037	117.6893654981	117.4738577772	117.4346593874	117.590624973	117.734188108	117.6232
224       	118.1003472783	118.0125350637	117.8815231059	117.6663953836	117.6271430985	117.7826281953	117.9257704769	117.786
225       	118.2899858604	118.2031444654	118.0724336097	117.8576899962	117.8183861421	117.9733904552	118.1161113178	117.9488
226       	118.4783927242	118.3925132366	118.2621051033	118.0477496394	118.0083965151	118.1629197735	118.3052186762	118.2744
227       	118.6655758697	118.5806494523	118.4505456278	118.236582286	118.1971821626	118.3512241188	118.4931005456	118.4372
228       	118.8515432452	118.7675611349	118.6377631722	118.4241958575	118.3847509788	118.5383114085	118.6797648677	118.6
229       	119.0363027471	118.9532562546	118.8237656738	118.6105982238	118.5711108069	118.7241895087	118.8652195327	118.7628
230       	119.2198622207	119.1377427297	119.008561018	118.7957972044	118.7562694394	118.9088662346	119.0494723795	118.9256
231       	119.4022294602	119.3210284269	119.1921570395	118.9798005682	118.9402346187	119.0923493511	119.2325311965	119.0884
232       	119.5834122094	119.5031211619	119.3745615217	119.1626160339	119.1230140374	119.2746465727	119.4144037213	119.414
233       	119.7634181616	119.6840286994	119.5557821978	119.3442512703	119.3046153383	119.4557655642	119.5950976417	119.5768
234       	119.9422549602	119.8637587534	119.7358267507	119.5247138969	119.4850461151	119.6357139407	119.7746205954	119.5768
235       	120.1199301989	120.042318988	119.9147028135	119.7040114839	119.6643139124	119.8144992681	119.9529801709	119.5768
236       	120.2964514221	120.2197170173	120.0924179696	119.8821515525	119.8424262264	119.9921290636	120.1301839071	119.9024
237       	120.4718261254	120.3959604057	120.2689797534	120.0591415755	120.0193905048	120.1686107957	120.3062392944	120.3908
238       	120.6460617554	120.5710566686	120.4443956502	120.2349889775	120.1952141474	120.3439518844	120.4811537746	120.5536
239       	120.8191657104	120.7450132722	120.6186730968	120.4097011351	120.3699045061	120.5181597021	120.6549347411	120.7164
240       	120.991145341	120.9178376344	120.7918194818	120.5832853772	120.5434688857	120.6912415734	120.8275895396	120.8792
241       	121.1620079495	121.0895371246	120.9638421458	120.7557489854	120.7159145437	120.8632047756	120.9991254681	121.2048
242       	121.3317607912	121.2601190644	121.1347483818	120.9270991945	120.8872486909	121.0340565388	121.1695497773	121.3676
243       	121.5004110741	121.4295907277	121.3045454354	121.0973431923	121.0574784916	121.2038040465	121.3388696709	121.3676
244       	121.6679659594	121.5979593408	121.4732405051	121.2664881204	121.2266110641	121.3724544359	121.507092306	121.5304
245       	121.8344325618	121.7652320835	121.6408407428	121.4345410742	121.3946534805	121.5400147978	121.6742247931	121.6932
246       	121.9998179497	121.9314160883	121.8073532541	121.6015091034	121.5616127676	121.7064921773	121.840274197	121.856
247       	122.1641291459	122.0965184416	121.9727850983	121.767399212	121.7274959067	121.8718935741	122.0052475363	121.856
248       	122.3273731272	122.2605461837	122.1371432888	121.9322183589	121.8923098341	122.0362259425	122.1691517845	122.1816
249       	122.4895568252	122.4235063089	122.3004347938	122.0959734582	122.0560614417	122.1994961918	122.3319938696	122.3444
250       	122.6506871267	122.585405766	122.462666536	122.2586713791	122.2187575766	122.3617111867	122.4937806749	122.67
251       	122.8107708734	122.7462514588	122.6238453933	122.4203189466	122.380405042	122.5228777477	122.6545190389	122.5072
252       	122.969814863	122.9060502459	122.7839781989	122.5809229416	122.5410105972	122.6830026511	122.8142157561	122.8328
253       	123.1278258486	123.0648089413	122.9430717417	122.7404901014	122.7005809578	122.8420926291	122.9728775766	122.9956
254       	123.2848105397	123.2225343148	123.1011327665	122.8990271195	122.8591227962	123.000154371	123.130511207	123.3212
255       	123.4407756022	123.379233092	123.2581679743	123.0565406464	123.016642742	123.1571945223	123.2871233104	123.484
256       	123.5957276587	123.5349119548	123.4141840228	123.2130372896	123.1731473817	123.313219686	123.4427205067	123.484
257       	123.7496732887	123.6895775415	123.5691875263	123.368523614	123.3286432596	123.468236422	123.5973093728	123.6468
258       	123.902619029	123.8432364473	123.7231850562	123.5230061419	123.4831368778	123.622251248	123.7508964431	123.6468
259       	124.0545713741	123.9958952246	123.8761831412	123.6764913539	123.6366346963	123.7752706398	123.9034882097	123.9724
260       	124.205536776	124.1475603827	124.0281882678	123.8289856883	123.7891431337	123.9273010309	124.0550911225	124.1352
261       	124.3555216451	124.2982383891	124.1792068803	123.9804955421	123.9406685671	124.0783488136	124.2057115896	124.4608
262       	124.50453235	124.4479356688	124.3292453811	124.1310272711	124.0912173326	124.2284203387	124.3553559778	124.4608
263       	124.6525752181	124.596658605	124.4783101312	124.2805871898	124.2407957252	124.3775219159	124.5040306122	124.6236
264       	124.7996565354	124.7444135397	124.6264074503	124.4291815722	124.3894099997	124.5256598142	124.6517417775	124.6236
265       	124.9457825473	124.8912067733	124.7735436169	124.5768166514	124.5370663703	124.6728402622	124.7984957171	124.7864
266       	125.0909594586	125.0370445652	124.919724869	124.7234986208	124.6837710112	124.8190694481	124.9442986343	124.9492
267       	125.2351934338	125.1819331343	125.0649574039	124.8692336333	124.8295300569	124.9643535201	125.089156692	125.2748
268       	125.3784905974	125.3258786587	125.2092473789	125.0140278025	124.9743496023	125.1086985867	125.2330760135	125.4376
269       	125.520857034	125.4688872765	125.3526009111	125.1578872022	125.1182357029	125.2521107169	125.3760626819	125.4376
270       	125.6622987888	125.6109650858	125.4950240781	125.3008178672	125.2611943755	125.3945959405	125.5181227413	125.4376
271       	125.8028218676	125.752118145	125.636522918	125.4428257933	125.4032315978	125.5361602483	125.6592621964	125.6004
272       	125.9424322373	125.8923524732	125.7771034296	125.5839169376	125.544353309	125.6768095925	125.7994870131	125.926
273       	126.0811358261	126.03167405	125.9167715729	125.7240972185	125.6845654102	125.8165498866	125.9388031187	126.0888
274       	126.2189385236	126.1700888164	126.0555332691	125.8633725166	125.8238737643	125.955387006	126.0772164019	126.4144
275       	126.3558461811	126.3076026745	126.1933944012	126.0017486742	125.9622841965	126.0933267882	126.2147327134	126.5772
276       	126.491864612	126.4442214883	126.3303608137	126.1392314962	126.0998024944	126.2303750329	126.3513578659	126.74
277       	126.6269995918	126.5799510832	126.4664383135	126.2758267496	126.2364344083	126.3665375023	126.4870976344	126.74
278       	126.7612568588	126.714797247	126.6016326695	126.4115401646	126.3721856515	126.5018199214	126.6219577566	126.74
279       	126.8946421136	126.8487657298	126.7359496134	126.5463774342	126.5070619003	126.6362279782	126.755943933	126.74
280       	127.0271610202	126.9818622442	126.8693948396	126.6803442145	126.6410687947	126.7697673238	126.8890618269	126.9028
281       	127.1588192054	127.1140924655	127.0019740055	126.8134461254	126.7742119381	126.9024435729	127.0213170654	127.2284
282       	127.2896222598	127.2454620323	127.1336927318	126.9456887504	126.9064968979	127.034262304	127.1527152386	127.3912
283       	127.4195757375	127.3759765464	127.264556603	127.0770776367	127.0379292056	127.1652290594	127.2832619007	127.554
284       	127.5486851565	127.5056415731	127.3945711668	127.2076182962	127.1685143569	127.2953493457	127.4129625699	127.554
285       	127.6769559991	127.6344626416	127.5237419354	127.3373162047	127.2982578124	127.4246286336	127.5418227284	127.7168
286       	127.804393712	127.7624452448	127.652074385	127.466176803	127.4271649971	127.5530723589	127.6698478231	127.7168
287       	127.9310037063	127.8895948403	127.7795739563	127.5942054966	127.5552413015	127.6806859219	127.7970432657	127.8796
288       	128.0567913582	128.0159168498	127.9062460546	127.7214076561	127.6824920809	127.8074746882	127.9234144324	128.0424
289       	128.1817620089	128.1414166599	128.0320960503	127.8477886176	127.8089226563	127.9334439887	128.048966665	128.2052
290       	128.3059209647	128.2660996221	128.1571292789	127.9733536826	127.9345383144	128.0585991197	128.1737052704	128.368
291       	128.4292734979	128.3899710531	128.2813510411	128.0981081183	128.0593443079	128.1829453434	128.2976355214	128.5308
292       	128.5518248461	128.5130362349	128.4047666033	128.2220571581	128.1833458554	128.306487888	128.4207626563	128.5308
293       	128.6735802131	128.6353004153	128.5273811979	128.3452060015	128.3065481422	128.4292319478	128.5430918796	128.5308
294       	128.7945447689	128.7567688076	128.649200023	128.4675598144	128.4289563198	128.5511826837	128.6646283621	128.8564
295       	128.9147236498	128.8774465916	128.7702282433	128.5891237295	128.5505755068	128.6723452231	128.7853772411	129.3448
296       	129.034121959	128.9973389131	128.8904709898	128.7099028462	128.6714107887	128.7927246602	128.9053436206	129.5076
297       	129.1527447662	129.1164508845	129.0099333602	128.829902231	128.7914672181	128.9123260565	129.0245325714	129.3448
298       	129.2705971084	129.2347875849	129.1286204191	128.9491269177	128.9107498153	129.0311544406	129.1429491316	129.3448
299       	129.3876839898	129.3523540603	129.2465371984	129.0675819078	129.029263568	129.1492148088	129.2605983066	129.3448
300       	129.5040103823	129.469155324	129.363688697	129.1852721702	129.1470134319	129.2665121247	129.3774850694	129.5076
301       	129.6195812251	129.5851963565	129.4800798819	129.302202642	129.2640043306	129.3830513203	129.4936143606	129.3448
302       	129.7344014257	129.700482106	129.5957156872	129.4183782282	129.3802411561	129.4988372955	129.608991089	129.5076
303       	129.8484758596	129.8150174885	129.7106010156	129.5338038022	129.495728769	129.6138749184	129.7236201315	129.6704
304       	129.9618093706	129.9288073879	129.8247407375	129.648484206	129.6104719981	129.7281690259	129.8375063333	129.996
305       	130.0744067709	130.0418566563	129.9381396919	129.7624242503	129.7244756417	129.8417244236	129.9506545084	130.1588
306       	130.1862728419	130.1541701145	130.0508026866	129.8756287148	129.8377444666	129.9545458857	130.0630694395	130.1588
307       	130.2974123334	130.2657525515	130.1627344977	129.9881023482	129.9502832092	130.066638156	130.1747558782	130.3216
308       	130.4078299646	130.3766087254	130.2739398708	130.0998498688	130.0620965754	130.1780059474	130.2857185455	130.4844
309       	130.5175304242	130.4867433633	130.3844235204	130.2108759641	130.1731892405	130.2886539423	130.3959621318	130.81
310       	130.6265183702	130.5961611615	130.4941901305	130.3211852916	130.28356585	130.398586793	130.5054912968	130.9728
311       	130.7347984304	130.7048667857	130.6032443547	130.4307824786	130.3932310191	130.5078091217	130.6143106704	131.1356
312       	130.8423752026	130.8128648713	130.7115908163	130.5396721226	130.5021893336	130.6163255205	130.7224248523	131.1356
313       	130.9492532547	130.9201600235	130.8192341088	130.6478587914	130.6104453495	130.7241405521	130.8298384124	131.1356
314       	131.0554371251	131.0267568176	130.9261787957	130.7553470233	130.7180035936	130.8312587496	130.936555891	131.1356
315       	131.1609313223	131.1326597989	131.0324294111	130.8621413273	130.8248685633	130.9376846169	131.0425817989	131.2984
316       	131.265740326	131.2378734833	131.1379904593	130.9682461833	130.9310447272	131.0434226285	131.1479206179	131.2984
317       	131.3698685865	131.3424023573	131.2428664157	131.0736660422	131.0365365252	131.1484772302	131.2525768005	131.4612
318       	131.4733205253	131.4462508781	131.3470617266	131.1784053264	131.1413483682	131.2528528392	131.3565547704	131.4612
319       	131.5761005352	131.5494234741	131.4505808093	131.2824684295	131.245484639	131.3565538438	131.4598589228	131.624
320       	131.6782129803	131.6519245445	131.5534280526	131.3858597167	131.3489496921	131.4595846043	131.5624936242	131.7868
321       	131.7796621967	131.7537584604	131.6556078168	131.4885835253	131.4517478538	131.5619494526	131.664463213	131.9496
322       	131.8804524919	131.8549295639	131.7571244336	131.5906441645	131.5538834226	131.6636526925	131.7657719994	132.1124
323       	131.9805881458	131.9554421691	131.8579822071	131.6920459154	131.6553606693	131.7646986004	131.8664242655	132.1124
324       	132.0800734104	132.0553005622	131.9581854131	131.7927930319	131.7561838373	131.8650914245	131.9664242659	132.1124
325       	132.1789125098	132.1545090011	132.0577382996	131.89288974	131.8563571423	131.9648353861	132.0657762276	132.2752
326       	132.2771096411	132.2530717163	132.1566450874	131.9923402389	131.9558847731	132.0639346787	132.16448435	132.438
327       	132.3746689739	132.3509929107	132.2549099696	132.0911487002	132.0547708915	132.1623934692	132.2625528056	132.7636
328       	132.4715946507	132.4482767596	132.3525371122	132.1893192689	132.1530196324	132.2602158971	132.3599857395	132.7636
329       	132.5678907872	132.5449274116	132.449530654	132.2868560632	132.250635104	132.3574060755	132.4567872702	132.7636
330       	132.6635614722	132.6409489878	132.5458947072	132.3837631746	132.3476213882	132.4539680908	132.5529614896	132.7636
331       	132.7586107683	132.7363455829	132.6416333572	132.4800446681	132.4439825403	132.5499060028	132.6485124626	132.9264
332       	132.8530427112	132.8311212645	132.7367506628	132.5757045828	132.5397225898	132.6452238454	132.7434442284	133.0892
333       	132.9468613109	132.9252800742	132.8312506566	132.6707469315	132.6348455399	132.7399256261	132.8377607995	133.252
334       	133.0400705509	133.018826027	132.9251373448	132.7651757009	132.7293553683	132.8340153268	132.9314661627	133.252
335       	133.1326743892	133.1117631118	133.018414708	132.8589948525	132.8232560269	132.9274969035	133.0245642787	133.4148
336       	133.2246767578	133.2040952917	133.1110867005	132.9522083216	132.9165514421	133.0203742865	133.1170590829	133.4148
337       	133.3160815635	133.2958265037	133.2031572513	133.0448200186	133.0092455151	133.112651381	133.208954485	133.7404
338       	133.4068926873	133.3869606594	133.2946302637	133.1368338283	133.1013421218	133.2043320668	133.3002543692	133.9032
339       	133.4971139853	133.477501645	133.3855096157	133.2282536107	133.1928451132	133.2954201986	133.3909625947	133.9032
340       	133.5867492885	133.5674533212	133.4757991602	133.3190832007	133.2837583156	133.3859196062	133.4810829958	133.9032
341       	133.675802403	133.6568195237	133.5655027251	133.4093264085	133.3740855305	133.4758340946	133.5706193817	133.9032
342       	133.7642771101	133.7456040632	133.6546241133	133.4989870196	133.4638305349	133.5651674444	133.6595755372	134.066
343       	133.8521771666	133.8338107256	133.7431671032	133.5880687954	133.5529970815	133.6539234116	133.7479552223	134.066
344       	133.9395063049	133.9214432722	133.8311354486	133.6765754725	133.6415888987	133.7421057279	133.8357621728	134.2288
345       	134.0262682332	134.0085054398	133.918532879	133.7645107638	133.7296096911	133.829718101	133.9230001002	134.2288
346       	134.1124666356	134.0950009408	134.0053630995	133.851878358	133.8170631392	133.9167642146	134.009672692	134.2288
347       	134.1981051723	134.1809334635	134.0916297915	133.9386819202	133.9039528998	134.0032477285	134.0957836118	134.2288
348       	134.2831874795	134.2663066722	134.1773366121	134.0249250916	133.9902826064	134.089172279	134.1813364995	134.3916
349       	134.36771717	134.3511242073	134.262487195	134.11061149	134.0760558686	134.1745414787	134.2663349713	134.5544
350       	134.4516978332	134.4353896857	134.3470851501	134.1957447098	134.1612762732	134.259358917	134.3507826201	134.7172
351       	134.535133035	134.5191067004	134.431134064	134.2803283224	134.2459473835	134.3436281601	134.4346830153	134.88
352       	134.6180263182	134.6022788213	134.5146375	134.3643658758	134.3300727402	134.4273527512	134.5180397035	135.0428
353       	134.7003812027	134.684909595	134.5975989982	134.4478608955	134.413655861	134.5105362103	134.6008562081	135.0428
354       	134.7822011854	134.7670025451	134.6800220758	134.5308168837	134.4967002407	134.593182035	134.6831360295	135.0428
355       	134.8634897404	134.8485611719	134.7619102272	134.6132373206	134.579209352	134.6752937002	134.7648826459	134.88
356       	134.9442503196	134.9295889534	134.8432669241	134.6951256635	134.661186645	134.7568746582	134.8460995124	134.88
357       	135.0244863521	135.0100893447	134.9240956155	134.7764853476	134.7426355475	134.8379283391	134.9267900622	134.88
358       	135.1042012449	135.0900657784	135.0043997283	134.8573197857	134.8235594652	134.9184581509	135.006957706	135.0428
359       	135.1833983828	135.1695216648	135.0841826669	134.9376323688	134.9039617821	134.9984674795	135.0866058324	135.2056
360       	135.2620811287	135.2484603921	135.1634478138	135.0174264659	134.9838458601	135.0779596887	135.165737808	135.3684
361       	135.3402528237	135.3268853263	135.2421985294	135.0967054243	135.0632150396	135.156938121	135.2443569777	135.5312
362       	135.417916787	135.4047998117	135.3204381525	135.1754725696	135.1420726395	135.2354060969	135.3224666648	135.5312
363       	135.4950763165	135.4822071704	135.39817	135.2537312061	135.220421957	135.3133669157	135.4000701708	135.5312
364       	135.5717346883	135.5591107034	135.4753973673	135.3314846165	135.2982662684	135.3908238553	135.4771707759	135.5312
365       	135.6478951577	135.63551369	135.5521235286	135.4087360626	135.3756088288	135.4677801723	135.5537717393	135.5312
366       	135.7235609585	135.7114193879	135.6283517367	135.4854887849	135.4524528722	135.5442391023	135.6298762988	135.694
367       	135.7987353037	135.7868310341	135.7040852233	135.5617460032	135.5288016118	135.6202038602	135.7054876712	135.8568
368       	135.8734213852	135.8617518441	135.7793271991	135.6375109163	135.6046582402	135.6956776398	135.7806090526	136.0196
369       	135.9476223744	135.9361850126	135.8540808541	135.7127867025	135.6800259293	135.7706636145	135.8552436183	136.0196
370       	136.021341422	136.0101337137	135.9283493575	135.7875765195	135.7549078306	135.8451649371	135.9293945231	136.0196
371       	136.0945816583	136.0836011006	136.0021358578	135.8618835047	135.8293070752	135.91918474	136.0030649013	136.0196
372       	136.1673461932	136.156590306	136.0754434834	135.9357107751	135.9032267742	135.9927261353	136.0762578669	136.0196
373       	136.2396381163	136.2291044424	136.148275342	136.0090614278	135.9766700186	136.0657922152	136.1489765137	136.3452
374       	136.3114604975	136.3011466018	136.2206345215	136.0819385396	136.0496398792	136.1383860516	136.2212239155	136.508
375       	136.3828163863	136.3727198562	136.2925240895	136.1543451677	136.1221394075	136.2105106969	136.2930031262	136.6708
376       	136.4537088126	136.4438272576	136.3639470938	136.2262843495	136.1941716348	136.2821691835	136.3643171797	136.6708
377       	136.5241407868	136.5144718381	136.4349065624	136.2977591027	136.2657395733	136.3533645243	136.4351690905	136.8336
378       	136.5941152994	136.5846566102	136.5054055037	136.3687724256	136.3368462156	136.4240997128	136.5055618534	136.9964
379       	136.6636353218	136.6543845665	136.5754469064	136.4393272972	136.4074945349	136.4943777229	136.575498444	136.9964
380       	136.7327038059	136.7236586805	136.64503374	136.5094266771	136.4776874855	136.5642015096	136.6449818183	136.9964
381       	136.8013236844	136.792481906	136.7141689547	136.5790735059	136.5474280024	136.6335740087	136.7140149135	136.9964
382       	136.8694978711	136.8608571778	136.7828554815	136.6482707053	136.6167190018	136.7024981368	136.7826006474	136.9964
383       	136.9372292607	136.9287874115	136.8510962323	136.7170211779	136.6855633812	136.7709767919	136.8507419192	136.9964
384       	137.0045207294	136.9962755037	136.9188941003	136.7853278078	136.7539640192	136.8390128533	136.9184416091	136.9964
385       	137.0713751344	137.0633243323	136.9862519597	136.8531934603	136.821923776	136.9066091815	136.9857025788	137.1592
386       	137.1377953145	137.1299367563	137.0531726662	136.9206209823	136.8894454933	136.9737686185	137.0525276714	137.322
387       	137.20378409	137.1961156161	137.119659057	136.9876132024	136.9565319947	137.0404939883	137.1189197114	137.322
388       	137.2693442629	137.2618637338	137.1857139507	137.0541729307	137.0231860852	137.1067880961	137.1848815053	137.322
389       	137.3344786171	137.3271839128	137.2513401478	137.1203029594	137.089410552	137.1726537294	137.2504158412	137.322
390       	137.3991899182	137.3920789386	137.3165404305	137.1860060626	137.1552081643	137.2380936575	137.3155254892	137.4848
391       	137.463480914	137.4565515784	137.381317563	137.2512849964	137.2205816734	137.3031106318	137.3802132014	137.6476
392       	137.5273543345	137.5206045814	137.4456742916	137.3161424992	137.2855338128	137.367707386	137.4444817122	137.6476
393       	137.5908128918	137.5842406789	137.5096133446	137.3805812917	137.3500672987	137.431886636	137.5083337381	137.8104
394       	137.6538592805	137.6474625844	137.5731374328	137.444604077	137.4141848294	137.4956510804	137.5717719782	137.6476
395       	137.7164961777	137.7102729938	137.6362492494	137.5082135408	137.4778890859	137.5590034	137.6347991138	137.8104
396       	137.778726243	137.7726745855	137.6989514698	137.5714123514	137.5411827321	137.6219462586	137.6974178092	137.6476
397       	137.8405521189	137.8346700203	137.7612467526	137.63420316	137.6040684147	137.6844823026	137.7596307112	137.8104
398       	137.9019764306	137.8962619419	137.8231377386	137.6965886006	137.666548763	137.7466141612	137.8214404494	137.9732
399       	137.9630017862	137.9574529765	137.8846270517	137.7585712901	137.7286263899	137.808344447	137.8828496366	138.2988
400       	138.0236307771	138.0182457335	137.9457172989	137.8201538286	137.7903038909	137.8696757553	137.9438608684	138.2988
401       	138.0838659777	138.0786428051	138.00641107	137.8813387996	137.8515838453	137.9306106648	138.0044767238	138.2988
402       	138.1437099457	138.1386467668	138.0667109382	137.9421287695	137.9124688153	137.9911517375	138.064699765	138.136
403       	138.2031652221	138.1982601773	138.1266194599	138.0025262885	137.972961347	138.0513015189	138.1245325375	138.2988
404       	138.2622343315	138.2574855784	138.186139175	138.0625338902	138.0330639697	138.111062538	138.1839775705	138.2988
405       	138.3209197822	138.3163254958	138.2452726067	138.1221540918	138.0927791966	138.1704373075	138.2430373766	138.4616
406       	138.379224066	138.3747824384	138.3040222622	138.1813893943	138.1521095248	138.2294283238	138.3017144523	138.6244
407       	138.4371496586	138.4328588989	138.3623906321	138.2402422826	138.2110574352	138.2880380671	138.3600112777	138.7872
408       	138.4946990197	138.4905573538	138.420380191	138.2987152255	138.2696253926	138.3462690018	138.4179303172	138.95
409       	138.5518745929	138.5478802633	138.4779933972	138.3568106759	138.3278158461	138.4041235762	138.4754740188	139.1128
410       	138.608678806	138.604830072	138.5352326935	138.4145310707	138.3856312288	138.4616042227	138.5326448149	139.2756
411       	138.665114071	138.6614092081	138.5921005064	138.4718788313	138.4430739584	138.5187133582	138.5894451221	139.2756
412       	138.7211827843	138.7176200843	138.6485992469	138.5288563634	138.5001464368	138.5754533838	138.6458773413	139.2756
413       	138.7768873267	138.7734650975	138.7047313102	138.585466057	138.5568510504	138.6318266851	138.7019438579	139.2756
414       	138.8322300634	138.828946629	138.7604990761	138.641710287	138.6131901704	138.6878356325	138.7576470416	139.4384
415       	138.8872133444	138.8840670447	138.8159049089	138.6975914127	138.6691661527	138.7434825807	138.8129892472	139.4384
416       	138.9418395045	138.9388286949	138.8709511576	138.7531117782	138.7247813377	138.7987698695	138.8679728138	139.6012
417       	138.9961108631	138.9932339148	138.9256401558	138.8082737125	138.7800380511	138.8536998235	138.9226000656	139.764
418       	139.0500297247	139.0472850243	138.979974222	138.8630795297	138.8349386034	138.9082747522	138.9768733116	139.9268
419       	139.1035983788	139.1009843282	139.0339556599	138.9175315287	138.8894852903	138.9624969501	139.030794846	139.9268
420       	139.1568191001	139.1543341163	139.087586758	138.9716319938	138.9436803926	139.0163686971	139.0843669479	139.9268
421       	139.2096941484	139.2073366635	139.1408697899	139.0253831945	138.9975261766	139.0698922583	139.1375918818	139.9268
422       	139.2622257688	139.25999423	139.1938070147	139.0787873854	139.0510248937	139.123069884	139.1904718975	139.9268
423       	139.314416192	139.3123090611	139.2464006765	139.1318468069	139.104178781	139.1759038101	139.2430092302	139.9268
424       	139.3662676341	139.3642833877	139.2986530052	139.1845636847	139.1569900611	139.228396258	139.2952061006	139.9268
425       	139.4177822968	139.4159194259	139.350566216	139.2369402302	139.2094609424	139.2805494348	139.3470647151	139.9268
426       	139.4689623674	139.4672193777	139.4021425098	139.2889786407	139.2615936189	139.3323655332	139.3985872657	139.9268
427       	139.5198100192	139.5181854305	139.4533840731	139.3406810989	139.3133902705	139.3838467319	139.4497759301	139.9268
428       	139.5703274113	139.5688197576	139.5042930784	139.3920497739	139.3648530631	139.4349951954	139.5006328722	139.9268
429       	139.6205166888	139.6191245181	139.554871684	139.4430868203	139.4159841485	139.4858130742	139.5511602415	139.9268
430       	139.6703799827	139.669101857	139.6051220341	139.4937943793	139.466785665	139.5363025051	139.601360174	140.0896
431       	139.7199194104	139.7187539056	139.6550462592	139.5441745779	139.5172597366	139.5864656108	139.6512347914	140.2524
432       	139.7691370753	139.768082781	139.7046464758	139.5942295294	139.567408474	139.6363045004	139.7007862019	140.2524
433       	139.8180350675	139.8170905867	139.7539247867	139.6439613338	139.6172339742	139.6858212695	139.7500165001	140.4152
434       	139.8666154631	139.8657794125	139.8028832811	139.693372077	139.6667383206	139.735018	139.7989277669	140.578
435       	139.9148803251	139.9141513344	139.8515240346	139.7424638319	139.7159235831	139.7838967603	139.8475220697	140.9036
436       	139.9628317027	139.9622084152	139.8998491093	139.7912386578	139.7647918186	139.8324596057	139.8958014626	140.9036
437       	140.0104716322	140.0099527042	139.947860554	139.8396986007	139.8133450703	139.8807085778	139.9437679864	140.9036
438       	140.0578021363	140.057386237	139.9955604042	139.8878456935	139.8615853686	139.9286457054	139.9914236684	140.9036
439       	140.1048252249	140.1045110365	140.0429506821	139.9356819559	139.9095147307	139.976273004	140.0387705232	140.9036
440       	140.1515428947	140.1513291121	140.0900333968	139.9832093945	139.9571351606	140.023592476	140.085810552	140.9036
441       	140.1979571292	140.1978424602	140.1368105444	140.0304300032	140.0044486496	140.0706061111	140.1325457431	141.0664
442       	140.2440698995	140.2440530641	140.1832841081	140.0773457627	140.0514571762	140.117315886	140.1789780721	141.0664
443       	140.2898831635	140.2899628944	140.2294560581	140.123958641	140.0981627059	140.1637237644	140.2251095017	141.0664
444       	140.3353988666	140.3355739087	140.2753283518	140.1702705937	140.1445671919	140.2098316978	140.2709419816	141.2292
445       	140.3806189414	140.380888052	140.3209029342	140.2162835633	140.1906725744	140.2556416246	140.3164774494	141.392
446       	140.425545308	140.4259072564	140.3661817372	140.26199948	140.2364807814	140.3011554711	140.3617178296	141.7176
447       	140.4701798741	140.4706334418	140.4111666805	140.3074202617	140.2819937284	140.3463751507	140.4066650347	141.5548
448       	140.5145245351	140.5150685152	140.4558596714	140.3525478136	140.3272133184	140.3913025649	140.4513209644	141.5548
449       	140.5585811738	140.5592143715	140.5002626044	140.3973840288	140.3721414423	140.4359396025	140.4956875064	141.5548
450       	140.6023516609	140.6030728931	140.5443773622	140.4419307881	140.4167799788	140.4802881403	140.5397665361	141.5548
451       	140.6458378551	140.6466459502	140.5882058149	140.4861899603	140.4611307944	140.5243500431	140.5835599165	141.7176
452       	140.6890416029	140.6899354008	140.6317498208	140.5301634018	140.5051957437	140.5681271633	140.6270694988	141.7176
453       	140.7319647387	140.7329430909	140.6750112258	140.5738529574	140.5489766692	140.6116213416	140.6702971222	142.0432
454       	140.7746090852	140.7756708543	140.717991864	140.6172604598	140.5924754016	140.6548344067	140.7132446138	141.8804
455       	140.8169764531	140.818120513	140.7606935577	140.6603877299	140.6356937599	140.6977681756	140.7559137891	142.0432
456       	140.8590686414	140.8602938772	140.8031181171	140.7032365768	140.6786335511	140.7404244533	140.7983064515	141.8804
457       	140.9008874375	140.9021927451	140.8452673409	140.7458087979	140.7212965709	140.7828050334	140.840424393	142.206
458       	140.942434617	140.9438189035	140.887143016	140.7881061792	140.7636846031	140.8249116977	140.882269394	142.206
459       	140.9837119442	140.9851741272	140.9287469177	140.8301304949	140.8057994202	140.8667462167	140.9238432231	142.206
460       	141.0247211717	141.0262601798	140.9700808099	140.871883508	140.8476427833	140.9083103493	140.9651476377	142.0432
461       	141.0654640408	141.0670788133	141.0111464449	140.9133669698	140.8892164421	140.949605843	141.0061843837	142.0432
462       	141.1059422816	141.1076317681	141.0519455636	140.9545826207	140.9305221348	140.9906344342	141.0469551957	142.206
463       	141.1461576129	141.1479207736	141.0924798959	140.9955321895	140.9715615888	141.0313978478	141.087461797	142.3688
464       	141.1861117423	141.1879475476	141.1327511602	141.036217394	141.01233652	141.0718977979	141.1277058998	142.3688
465       	141.2258063662	141.2277137971	141.1727610637	141.076639941	141.0528486335	141.1121359872	141.1676892053	142.3688
466       	141.2652431703	141.2672212177	141.2125113027	141.116801526	141.0930996233	141.1521141075	141.2074134034	142.3688
467       	141.3044238291	141.3064714941	141.2520035624	141.1567038339	141.1330911725	141.1918338397	141.2468801733	142.5316
468       	141.3433500062	141.3454662999	141.2912395171	141.1963485384	141.1728249533	141.2312968539	141.2860911832	142.6944
469       	141.3820233546	141.3842072979	141.3302208303	141.2357373027	141.2123026271	141.2705048093	141.3250480906	142.8572
470       	141.4204455164	141.4226961402	141.3689491545	141.2748717791	141.2515258448	141.3094593544	141.3637525422	142.8572
471       	141.458618123	141.4609344679	141.4074261317	141.3137536091	141.2904962465	141.348162127	141.4022061739	142.8572
472       	141.4965427954	141.4989239115	141.4456533931	141.3523844239	141.3292154617	141.3866147544	141.4404106111	142.8572
473       	141.5342211439	141.5366660911	141.4836325594	141.3907658439	141.3676851094	141.4248188534	141.4783674688	143.02
474       	141.5716547684	141.574162616	141.5213652406	141.4288994792	141.4059067983	141.4627760302	141.5160783514	143.1828
475       	141.6088452584	141.611415085	141.5588530366	141.4667869295	141.4438821265	141.5004878808	141.5535448528	143.3456
476       	141.6457941931	141.6484250868	141.5960975365	141.5044297841	141.4816126821	141.5379559908	141.5907685567	143.3456
477       	141.6825031413	141.6851941994	141.6331003194	141.5418296221	141.5191000426	141.5751819354	141.6277510366	143.1828
478       	141.7189736619	141.7217239907	141.6698629541	141.5789880123	141.5563457758	141.61216728	141.6644938558	143.1828
479       	141.7552073035	141.7580160185	141.706386999	141.6159065136	141.5933514389	141.6489135795	141.7009985672	143.02
480       	141.7912056045	141.7940718303	141.7426740027	141.6525866745	141.6301185793	141.685422379	141.7372667139	143.1828
481       	141.8269700936	141.8298929634	141.7787255036	141.6890300338	141.6666487345	141.7216952135	141.773299829	143.1828
482       	141.8625022893	141.8654809456	141.81454303	141.7252381203	141.7029434321	141.757733608	141.8090994355	143.3456
483       	141.8978037005	141.9008372941	141.8501281004	141.7612124527	141.7390041895	141.7935390778	141.8446670467	143.3456
484       	141.932875826	141.9359635167	141.8854822235	141.7969545403	141.7748325148	141.8291131284	141.880004166	143.3456
485       	141.9677201553	141.9708611113	141.9206068982	141.8324658824	141.8104299061	141.8644572555	141.915112287	143.5084
486       	142.0023381676	142.0055315658	141.9555036136	141.8677479685	141.8457978518	141.8995729451	141.9499928938	143.6712
487       	142.0367313332	142.0399763587	141.990173849	141.9028022788	141.8809378309	141.9344616737	141.9846474608	143.834
488       	142.0709011122	142.0741969588	142.0246190745	141.9376302837	141.9158513128	141.9691249081	142.0190774528	143.6712
489       	142.1048489557	142.1081948254	142.0588407502	141.9722334442	141.9505397573	142.0035641059	142.053284325	143.6712
490       	142.1385763052	142.141971408	142.0928403271	142.0066132119	141.985004615	142.037780715	142.0872695235	143.834
491       	142.1720845927	142.175528147	142.1266192465	142.040771029	142.019247327	142.0717761739	142.1210344847	143.9968
492       	142.2053752411	142.2088664733	142.1601789406	142.0747083284	142.0532693252	142.1055519122	142.1545806358	144.1596
493       	142.238449664	142.2419878086	142.193520832	142.1084265336	142.0870720322	142.1391093499	142.1879093949	143.9968
494       	142.2713092657	142.274893565	142.2266463344	142.1419270592	142.1206568614	142.1724498979	142.2210221707	143.9968
495       	142.3039554416	142.3075851459	142.2595568521	142.1752113104	142.1540252172	142.2055749581	142.2539203629	143.834
496       	142.3363895779	142.3400639452	142.2922537804	142.2082806834	142.1871784948	142.2384859231	142.2866053621	143.9968
497       	142.3686130517	142.3723313478	142.3247385054	142.2411365656	142.2201180807	142.2711841767	142.3190785498	143.9968
498       	142.4006272315	142.4043887297	142.3570124043	142.2737803351	142.2528453521	142.3036710938	142.3513412986	143.9968
499       	142.4324334764	142.4362374579	142.3890768455	142.3062133613	142.2853616776	142.3359480403	142.3833949723	143.834
500       	142.4640331372	142.4678788904	142.4209331883	142.3384370048	142.3176684168	142.3680163731	142.4152409258	144.1596
501       	142.4954275555	142.4993143764	142.4525827832	142.3704526172	142.3497669205	142.3998774408	142.4468805052	144.1596
502       	142.5266180645	142.5305452565	142.4840269721	142.4022615417	142.3816585311	142.4315325828	142.4783150478	144.1596
503       	142.5576059886	142.5615728624	142.515267088	142.4338651125	142.4133445821	142.4629831301	142.5095458825	143.9968
504       	142.5883926435	142.5923985171	142.5463044553	142.4652646554	142.4448263983	142.4942304051	142.5405743292	144.1596
505       	142.6189793365	142.623023535	142.57714039	142.4964614876	142.4761052962	142.5252757215	142.5714016995	144.3224
506       	142.6493673664	142.6534492222	142.6077761994	142.5274569177	142.5071825838	142.5561203847	142.6020292965	144.1596
507       	142.6795580235	142.6836768759	142.6382131821	142.5582522459	142.5380595605	142.5867656916	142.6324584149	144.1596
508       	142.7095525898	142.7137077851	142.6684526286	142.5888487642	142.5687375175	142.6172129305	142.6626903407	144.1596
509       	142.7393523389	142.7435432303	142.698495821	142.6192477559	142.5992177375	142.6474633817	142.6927263519	144.4852
510       	142.7689585362	142.7731844839	142.7283440329	142.6494504962	142.6295014951	142.6775183171	142.7225677182	144.4852
511       	142.7983724387	142.8026328098	142.7579985297	142.6794582522	142.6595900565	142.7073790003	142.7522157008	144.4852
512       	142.8275952955	142.8318894636	142.7874605687	142.7092722827	142.68948468	142.7370466869	142.781671553	144.3224
513       	142.8566283475	142.8609556929	142.8167313988	142.7388938382	142.7191866156	142.7665226241	142.8109365199	144.3224
514       	142.8854728273	142.8898327372	142.8458122612	142.7683241614	142.7486971052	142.7958080514	142.8400118384	144.3224
515       	142.9141299598	142.9185218278	142.8747043885	142.7975644869	142.7780173829	142.8249042	142.8688987376	144.3224
516       	142.9426009619	142.947024188	142.9034090058	142.8266160412	142.8071486746	142.8538122933	142.8975984385	144.3224
517       	142.9708870425	142.9753410333	142.93192733	142.855480043	142.8360921985	142.8825335467	142.9261121543	144.3224
518       	142.9989894026	143.0034735711	142.9602605701	142.8841577031	142.8648491649	142.9110691679	142.95444109	144.4852
519       	143.0269092356	143.031423001	142.9884099273	142.9126502246	142.8934207761	142.9394203566	142.9825864433	144.648
520       	143.0546477269	143.0591905148	143.016376595	142.9409588027	142.9218082271	142.9675883048	143.0105494038	144.4852
521       	143.0822060544	143.0867772966	143.0441617588	142.9690846248	142.9500127047	142.9955741969	143.0383311535	144.4852
522       	143.1095853883	143.1141845227	143.0717665968	142.9970288708	142.9780353883	143.0233792096	143.0659328667	144.4852
523       	143.1367868911	143.1414133618	143.0991922793	143.0247927129	143.0058774497	143.0510045119	143.09335571	144.4852
524       	143.163811718	143.1684649749	143.1264399689	143.0523773159	143.0335400531	143.0784512653	143.1206008428	144.4852
525       	143.1906610163	143.1953405157	143.1535108209	143.0797838368	143.0610243553	143.1057206238	143.1476694165	144.4852
526       	143.2173359262	143.2220411301	143.1804059829	143.1070134253	143.0883315054	143.132813734	143.1745625753	144.8108
527       	143.2438375803	143.2485679566	143.2071265951	143.1340672237	143.1154626454	143.159731735	143.201281456	144.648
528       	143.270167104	143.2749221265	143.2336737904	143.1609463668	143.1424189096	143.1864757585	143.2278271881	144.4852
529       	143.2963256153	143.3011047634	143.2600486943	143.1876519822	143.1692014253	143.2130469291	143.2542008935	144.4852
530       	143.3223142248	143.3271169839	143.2862524249	143.2141851901	143.1958113124	143.239446364	143.2804036871	144.648
531       	143.3481340362	143.3529598971	143.3122860931	143.2405471036	143.2222496836	143.265675173	143.3064366764	144.8108
532       	143.3737861458	143.3786346051	143.3381508027	143.2667388286	143.2485176444	143.291734459	143.3323009618	144.8108
533       	143.3992716427	143.4041422026	143.3638476501	143.2927614637	143.2746162932	143.3176253177	143.3579976367	144.8108
534       	143.4245916093	143.4294837773	143.3893777249	143.3186161006	143.3005467212	143.3433488376	143.3835277871	144.8108
535       	143.4497471205	143.4546604098	143.4147421094	143.3443038238	143.3263100129	143.3689061003	143.4088924923	144.8108
536       	143.4747392447	143.4796731738	143.4399418788	143.369825711	143.3519072454	143.3942981803	143.4340928244	144.8108
537       	143.4995690429	143.5045231357	143.4649781017	143.3951828327	143.3773394891	143.4195261454	143.4591298485	144.8108
538       	143.5242375695	143.5292113552	143.4898518392	143.4203762526	143.4026078075	143.4445910561	143.484004623	144.8108
539       	143.548745872	143.5537388851	143.5145641461	143.4454070275	143.4277132572	143.4694939663	143.5087181993	144.648
540       	143.573094991	143.5781067712	143.53911607	143.4702762075	143.4526568879	143.4942359231	143.5332716221	144.8108
541       	143.5972859604	143.6023160526	143.5635086518	143.4949848359	143.4774397426	143.5188179668	143.5576659292	144.9736
542       	143.6213198075	143.6263677617	143.5877429255	143.519533949	143.5020628577	143.543241131	143.5819021517	145.2992
543       	143.6451975528	143.650262924	143.6118199187	143.5439245768	143.5265272627	143.5675064424	143.6059813141	145.2992
544       	143.6689202102	143.6740025585	143.6357406521	143.5681577423	143.5508339807	143.5916149214	143.6299044341	145.2992
545       	143.6924887869	143.6975876775	143.6595061398	143.5922344621	143.574984028	143.6155675815	143.6536725231	145.1364
546       	143.7159042837	143.7210192866	143.6831173893	143.6161557462	143.5989784144	143.6393654299	143.6772865857	144.9736
547       	143.7391676949	143.744298385	143.7065754017	143.6399225981	143.6228181433	143.6630094672	143.70074762	144.8108
548       	143.7622800084	143.7674259655	143.7298811714	143.6635360148	143.6465042115	143.6865006875	143.7240566177	145.1364
549       	143.7852422055	143.7904030141	143.7530356866	143.6869969868	143.6700376095	143.7098400784	143.747214564	145.2992
550       	143.8080552611	143.8132305107	143.7760399289	143.7103064983	143.6934193214	143.7330286214	143.7702224379	145.462
551       	143.8307201441	143.8359094286	143.7988948735	143.7334655271	143.7166503247	143.7560672913	143.7930812118	145.1364
552       	143.8532378168	143.8584407349	143.8216014893	143.7564750447	143.7397315909	143.7789570567	143.8157918521	145.1364
553       	143.8756092353	143.8808253904	143.8441607391	143.7793360162	143.7626640852	143.8016988803	143.8383553185	145.1364
554       	143.8978353497	143.9030643496	143.8665735793	143.8020494008	143.7854487664	143.824293718	143.860772565	145.2992
555       	143.9199171035	143.9251585608	143.88884096	143.8246161511	143.8080865874	143.8467425199	143.883044539	145.1364
556       	143.9418554345	143.9471089661	143.9109638252	143.847037214	143.8305784947	143.8690462299	143.905172182	144.9736
557       	143.9636512743	143.9689165015	143.932943113	143.8693135297	143.8529254288	143.8912057857	143.9271564293	144.8108
558       	143.9853055482	143.990582097	143.954779755	143.891446033	143.8751283241	143.9132221191	143.9489982101	144.9736
559       	144.0068191759	144.0121066763	143.9764746771	143.9134356521	143.8971881091	143.9350961557	143.9706984478	145.1364
560       	144.0281930707	144.0334911574	143.9980287991	143.9352833095	143.9191057062	143.9568288152	143.9922580594	145.462
561       	144.0494281404	144.054736452	144.0194430346	143.9569899217	143.9408820319	143.9784210114	144.0136779565	145.462
562       	144.0705252865	144.0758434662	144.0407182917	143.9785563993	143.9625179966	143.999873652	144.0349590443	145.2992
563       	144.0914854048	144.0968130999	144.0618554722	143.999983647	143.9840145053	144.0211876392	144.0561022224	145.2992
564       	144.1123093855	144.1176462474	144.0828554724	144.0212725636	144.0053724566	144.0423638691	144.0771083845	145.2992
565       	144.1329981126	144.1383437969	144.1037191823	144.0424240421	144.0265927438	144.0634032319	144.0979784186	145.462
566       	144.1535524648	144.1589066311	144.1244474867	144.0634389698	144.0476762541	144.0843066124	144.1187132067	145.462
567       	144.1739733148	144.1793356268	144.1450412643	144.0843182283	144.0686238691	144.1050748893	144.1393136254	145.2992
568       	144.1942615296	144.1996316551	144.1655013882	144.1050626934	144.0894364648	144.1257089359	144.1597805453	145.2992
569       	144.2144179708	144.2197955814	144.1858287257	144.1256732354	144.1101149114	144.1462096199	144.1801148317	145.1364
570       	144.2344434942	144.2398282657	144.2060241387	144.1461507189	144.1306600736	144.166577803	144.2003173441	145.6248
571       	144.2543389502	144.259730562	144.2260884834	144.1664960027	144.1510728105	144.1868143417	144.2203889363	145.6248
572       	144.2741051836	144.2795033191	144.2460226103	144.1867099405	144.1713539756	144.2069200869	144.2403304568	145.7876
573       	144.2937430336	144.2991473802	144.2658273647	144.2067933801	144.1915044171	144.2268958839	144.2601427486	145.6248
574       	144.3132533341	144.3186635827	144.285503586	144.226747164	144.2115249775	144.2467425726	144.279826649	145.7876
575       	144.3326369137	144.3380527591	144.3050521086	144.2465721293	144.2314164939	144.2664609874	144.2993829901	145.7876
576       	144.3518945952	144.357315736	144.3244737612	144.2662691076	144.2511797981	144.2860519575	144.3188125985	145.7876
577       	144.3710271966	144.3764533348	144.3437693672	144.2858389252	144.2708157165	144.3055163064	144.3381162956	145.6248
578       	144.3900355301	144.3954663716	144.3629397445	144.305282403	144.2903250702	144.3248548527	144.3572948972	145.6248
579       	144.4089204029	144.4143556572	144.381985706	144.3246003565	144.309708675	144.3440684093	144.376349214	145.6248
580       	144.4276826168	144.433121997	144.4009080591	144.3437935963	144.3289673414	144.3631577842	144.3952800515	145.7876
581       	144.4463229687	144.4517661912	144.419707606	144.3628629274	144.3481018747	144.3821237799	144.4140882098	145.7876
582       	144.4648422499	144.4702890348	144.4383851438	144.3818091498	144.367113075	144.4009671939	144.4327744839	145.7876
583       	144.4832412468	144.4886913178	144.4569414642	144.4006330581	144.3860017372	144.4196888184	144.4513396638	145.7876
584       	144.5015207407	144.5069738248	144.475377354	144.4193354422	144.4047686512	144.4382894406	144.4697845341	145.7876
585       	144.5196815078	144.5251373353	144.4936935948	144.4379170865	144.4234146017	144.4567698427	144.4881098745	145.7876
586       	144.5377243192	144.5431826239	144.5118909631	144.4563787704	144.4419403685	144.4751308014	144.5063164595	145.9504
587       	144.555649941	144.5611104602	144.5299702303	144.4747212685	144.4603467261	144.493373089	144.5244050589	146.1132
588       	144.5734591345	144.5789216084	144.547932163	144.4929453502	144.4786344442	144.5114974723	144.5423764371	146.1132
589       	144.5911526557	144.5966168283	144.5657775227	144.5110517799	144.4968042875	144.5295047135	144.5602313538	146.1132
590       	144.6087312561	144.6141968742	144.5835070659	144.5290413173	144.5148570158	144.5473955696	144.5779705637	146.1132
591       	144.6261956819	144.6316624958	144.6011215442	144.5469147169	144.5327933839	144.5651707928	144.5955948167	146.1132
592       	144.6435466749	144.649014438	144.6186217045	144.5646727285	144.5506141419	144.5828311305	144.6131048577	146.1132
593       	144.6607849718	144.6662534405	144.6360082886	144.582316097	144.5683200349	144.6003773253	144.6305014268	145.9504
594       	144.6779113044	144.6833802386	144.6532820338	144.5998455626	144.5859118034	144.6178101149	144.6477852594	145.9504
595       	144.6949264002	144.7003955625	144.6704436722	144.6172618606	144.6033901828	144.6351302322	144.6649570861	145.9504
596       	144.7118309814	144.7173001377	144.6874939315	144.6345657216	144.6207559041	144.6523384055	144.6820176327	145.9504
597       	144.728625766	144.7340946852	144.7044335345	144.6517578715	144.6380096934	144.6694353584	144.6989676203	146.1132
598       	144.7453114671	144.750779921	144.7212631993	144.6688390314	144.6551522722	144.6864218095	144.7158077655	146.1132
599       	144.7618887932	144.7673565567	144.7379836396	144.6858099179	144.6721843573	144.7032984732	144.7325387799	146.276
600       	144.7783584481	144.783825299	144.7545955641	144.702671243	144.6891066608	144.720066059	144.7491613709	146.1132
601       	144.7947211313	144.8001868503	144.7710996772	144.7194237138	144.7059198905	144.7367252719	144.7656762411	146.276
602       	144.8109775375	144.8164419082	144.7874966784	144.7360680332	144.7226247493	144.7532768124	144.7820840885	146.276
603       	144.827128357	144.8325911658	144.803787263	144.7526048994	144.7392219357	144.7697213763	144.7983856067	146.4388
604       	144.8431742755	144.8486353119	144.8199721217	144.769035006	144.7557121437	144.7860596552	144.8145814848	146.276
605       	144.8591159745	144.8645750305	144.8360519405	144.7853590423	144.772096063	144.8022923358	144.8306724073	146.4388
606       	144.8749541309	144.8804110013	144.8520274012	144.8015776931	144.7883743785	144.8184201008	144.8466590544	146.6016
607       	144.890689417	144.8961438996	144.867899181	144.8176916388	144.804547771	144.8344436283	144.8625421018	146.6016
608       	144.9063225012	144.9117743963	144.8836679529	144.8337015552	144.8206169168	144.8503635918	144.8783222208	146.4388
609       	144.9218540473	144.9273031579	144.8993343854	144.849608114	144.8365824877	144.8661806609	144.8940000787	146.4388
610       	144.9372847146	144.9427308465	144.9148991427	144.8654119824	144.8524451514	144.8818955005	144.9095763379	146.4388
611       	144.9526151585	144.95805812	144.9303628846	144.8811138234	144.8682055711	144.8975087714	144.9250516569	146.6016
612       	144.9678460298	144.973285632	144.9457262668	144.8967142957	144.883864406	144.91302113	144.9404266898	146.4388
613       	144.9829779754	144.9884140318	144.9609899405	144.9122140537	144.8994223107	144.9284332286	144.9557020866	146.4388
614       	144.9980116378	145.0034439646	144.9761545528	144.9276137476	144.9148799358	144.9437457151	144.9708784929	146.4388
615       	145.0129476552	145.0183760711	144.9912207468	144.9429140234	144.9302379278	144.9589592333	144.9859565502	146.4388
616       	145.027786662	145.0332109881	145.0061891611	144.9581155228	144.9454969286	144.974074423	145.0009368958	146.6016
617       	145.0425292882	145.0479493483	145.0210604302	144.9732188837	144.9606575765	144.9890919197	145.015820163	146.6016
618       	145.0571761599	145.0625917801	145.0358351848	144.9882247396	144.9757205054	145.0040123547	145.0306069808	146.7644
619       	145.0717278988	145.0771389078	145.0505140511	145.0031337199	144.9906863451	145.0188363554	145.0452979743	146.7644
620       	145.0861851231	145.0915913518	145.0650976515	145.01794645	145.0055557214	145.0335645451	145.0598937645	146.7644
621       	145.1005484464	145.1059497283	145.0795866043	145.0326635514	145.0203292561	145.0481975429	145.0743949684	146.7644
622       	145.1148184788	145.1202146496	145.0939815236	145.0472856414	145.0350075669	145.0627359643	145.0888021988	146.7644
623       	145.1289958261	145.134386724	145.1082830199	145.0618133334	145.0495912676	145.0771804204	145.1031160647	146.7644
624       	145.1430810904	145.1484665558	145.1224916993	145.0762472367	145.064080968	145.0915315185	145.1173371713	146.7644
625       	145.1570748697	145.1624547453	145.1366081644	145.090587957	145.0784772741	145.1057898621	145.1314661196	146.7644
626       	145.1709777582	145.1763518892	145.1506330135	145.1048360957	145.0927807877	145.1199560507	145.1455035068	146.9272
627       	145.1847903464	145.1901585799	145.1645668413	145.1189922506	145.106992107	145.1340306798	145.1594499263	146.7644
628       	145.1985132206	145.2038754061	145.1784102384	145.1330570154	145.1211118262	145.1480143412	145.1733059676	146.9272
629       	145.2121469636	145.2175029529	145.1921637919	145.1470309803	145.1351405358	145.1619076229	145.1870722164	146.7644
630       	145.2256921544	145.2310418013	145.2058280846	145.1609147313	145.1490788223	145.1757111091	145.2007492545	147.09
631       	145.239149368	145.2444925285	145.2194036961	145.1747088509	145.1629272686	145.18942538	145.2143376602	146.9272
632       	145.2525191758	145.2578557083	145.2328912017	145.1884139177	145.1766864538	145.2030510124	145.2278380077	146.9272
633       	145.2658021457	145.2711319103	145.2462911734	145.2020305067	145.1903569531	145.216588579	145.2412508677	146.7644
634       	145.2789988415	145.2843217008	145.2596041792	145.215559189	145.2039393383	145.2300386492	145.2545768072	146.7644
635       	145.2921098238	145.2974256421	145.2728307835	145.2290005322	145.2174341772	145.2434017884	145.2678163894	146.7644
636       	145.3051356491	145.310444293	145.285971547	145.2423551001	145.2308420342	145.2566785584	145.280970174	146.9272
637       	145.3180768706	145.3233782087	145.2990270269	145.2556234529	145.2441634699	145.2698695175	145.294038717	146.7644
638       	145.3309340378	145.3362279407	145.3119977767	145.2688061472	145.2573990414	145.2829752203	145.3070225708	146.9272
639       	145.3437076966	145.3489940368	145.3248843463	145.281903736	145.270549302	145.2959962179	145.3199222841	146.9272
640       	145.3563983894	145.3616770415	145.3376872819	145.2949167688	145.2836148016	145.3089330577	145.3327384024	147.09
641       	145.3690066551	145.3742774956	145.3504071264	145.3078457913	145.2965960867	145.3217862836	145.3454714672	147.09
642       	145.3815330292	145.3867959364	145.3630444191	145.320691346	145.3094937	145.334556436	145.3581220168	147.2528
643       	145.3939780433	145.3992328977	145.3755996957	145.3334539718	145.3223081808	145.347244052	145.3706905859	147.2528
644       	145.4063422261	145.4115889099	145.3880734884	145.3461342039	145.3350400649	145.3598496648	145.3831777058	147.09
645       	145.4186261024	145.4238644997	145.4004663262	145.3587325744	145.3476898848	145.3723738046	145.3955839044	146.7644
646       	145.430830194	145.4360601907	145.4127787343	145.3712496117	145.3602581693	145.384816998	145.407909706	146.9272
647       	145.442955019	145.4481765029	145.4250112349	145.3836858409	145.3727454441	145.397179768	145.4201556316	147.09
648       	145.4550010922	145.4602139529	145.4371643465	145.3960417836	145.3851522313	145.4094626345	145.4323221989	147.2528
649       	145.4669689252	145.4721730541	145.4492385843	145.4083179582	145.3974790496	145.4216661139	145.4444099221	147.09
650       	145.4788590261	145.4840543164	145.4612344602	145.4205148797	145.4097264146	145.4337907193	145.4564193121	147.09
651       	145.4906718999	145.4958582465	145.4731524829	145.4326330597	145.4218948382	145.4458369606	145.4683508767	147.09
652       	145.502408048	145.5075853476	145.4849931575	145.4446730065	145.4339848295	145.4578053441	145.4802051201	147.09
653       	145.5140679689	145.5192361198	145.496756986	145.4566352253	145.4459968938	145.4696963731	145.4919825434	147.09
654       	145.5256521576	145.53081106	145.5084444673	145.4685202177	145.4579315335	145.4815105476	145.5036836445	147.09
655       	145.537161106	145.5423106617	145.5200560967	145.4803284825	145.4697892477	145.4932483643	145.5153089178	147.09
656       	145.5485953029	145.5537354153	145.5315923666	145.4920605148	145.4815705321	145.5049103167	145.5268588549	147.09
657       	145.5599552337	145.5650858079	145.543053766	145.5037168069	145.4932758794	145.5164968951	145.5383339439	146.9272
658       	145.5712413808	145.5763623236	145.5544407809	145.5152978477	145.5049057791	145.5280085867	145.5497346699	146.9272
659       	145.5824542235	145.5875654432	145.565753894	145.5268041231	145.5164607174	145.5394458755	145.5610615148	146.9272
660       	145.5935942378	145.5986956443	145.5769935849	145.5382361157	145.5279411775	145.5508092424	145.5723149573	147.2528
661       	145.6046618968	145.6097534017	145.5881603302	145.549594305	145.5393476395	145.5620991652	145.5834954732	147.5784
662       	145.6156576704	145.6207391868	145.5992546032	145.5608791676	145.5506805804	145.5733161185	145.594603535	147.4156
663       	145.6265820256	145.6316534681	145.6102768744	145.5720911768	145.5619404739	145.5844605741	145.6056396122	147.2528
664       	145.6374354262	145.642496711	145.6212276109	145.5832308029	145.573127791	145.5955330003	145.6166041714	147.09
665       	145.648218333	145.6532693778	145.6321072771	145.5942985133	145.5842429995	145.6065338628	145.627497676	147.2528
666       	145.6589312039	145.6639719279	145.6429163342	145.6052947722	145.5952865641	145.6174636242	145.6383205864	147.2528
667       	145.6695744939	145.6746048178	145.6536552405	145.6162200409	145.6062589466	145.6283227439	145.6490733602	147.2528
668       	145.6801486548	145.6851685007	145.6643244512	145.6270747778	145.6171606059	145.6391116785	145.6597564519	147.2528
669       	145.6906541357	145.6956634272	145.6749244186	145.637859438	145.6279919977	145.6498308817	145.6703703129	147.2528
670       	145.7010913826	145.7060900447	145.6854555922	145.6485744742	145.638753575	145.6604808042	145.6809153921	147.09
671       	145.7114608387	145.7164487979	145.6959184185	145.6592203356	145.6494457878	145.6710618937	145.691392135	147.2528
672       	145.7217629443	145.7267401285	145.7063133409	145.669797469	145.6600690832	145.6815745951	145.7018009846	147.2528
673       	145.7319981369	145.7369644753	145.7166408002	145.680306318	145.6706239054	145.6920193504	145.7121423808	147.4156
674       	145.7421668511	145.7471222743	145.7269012343	145.6907473234	145.6811106957	145.7023965987	145.7224167608	147.2528
675       	145.7522695186	145.7572139587	145.7370950781	145.7011209233	145.6915298927	145.7127067765	145.7326245588	147.2528
676       	145.7623065685	145.7672399587	145.7472227638	145.7114275527	145.701881932	145.7229503171	145.7427662063	147.2528
677       	145.7722784269	145.7772007019	145.7572847207	145.7216676441	145.7121672464	145.7331276513	145.752842132	147.4156
678       	145.7821855172	145.7870966131	145.7672813755	145.731841627	145.7223862662	145.743239207	145.7628527617	147.4156
679       	145.7920282602	145.7969281141	145.7772131519	145.7419499282	145.7325394185	145.7532854093	145.7727985188	147.5784
680       	145.8018070737	145.8066956243	145.7870804711	145.7519929718	145.742627128	145.7632666806	145.7826798234	147.4156
681       	145.811522373	145.8163995602	145.7968837513	145.7619711789	145.7526498164	145.7731834406	145.7924970934	147.2528
682       	145.8211745707	145.8260403354	145.8066234082	145.7718849682	145.7626079029	145.7830361062	145.8022507437	147.09
683       	145.8307640765	145.8356183612	145.8162998546	145.7817347556	145.7725018038	145.7928250918	145.8119411865	147.09
684       	145.8402912977	145.845134046	145.8259135008	145.7915209543	145.7823319329	145.8025508087	145.8215688315	147.4156
685       	145.8497566388	145.8545877954	145.8354647545	145.8012439747	145.7920987011	145.8122136661	145.8311340856	147.497
