0 0.231991 0.222223 0.227107 0.212455 0.231991
1 0.236875 0.222223 0.222223 0.212455 0.231991
2 0.231991 0.222223 0.231991 0.212455 0.227107
3 0.231991 0.227107 0.217339 0.217339 0.236875
4 0.231991 0.227107 0.217339 0.217339 0.231991
5 0.227107 0.217339 0.227107 0.217339 0.236875
6 0.227107 0.217339 0.222223 0.227107 0.241759
7 0.227107 0.222223 0.217339 0.227107 0.246643
8 0.236875 0.217339 0.231991 0.227107 0.251527
9 0.227107 0.217339 0.222223 0.231991 0.261295
10 0.231991 0.227107 0.231991 0.241759 0.261295
11 0.231991 0.222223 0.236875 0.241759 0.266179
12 0.236875 0.217339 0.236875 0.251527 0.280831
13 0.236875 0.227107 0.246643 0.261295 0.280831
14 0.227107 0.231991 0.236875 0.266179 0.295483
15 0.231991 0.227107 0.236875 0.266179 0.295483
16 0.236875 0.231991 0.246643 0.280831 0.310135
17 0.236875 0.236875 0.256411 0.285715 0.319903
18 0.236875 0.251527 0.256411 0.285715 0.324787
19 0.231991 0.236875 0.261295 0.300367 0.329671
20 0.231991 0.231991 0.266179 0.310135 0.339439
21 0.241759 0.241759 0.280831 0.310135 0.349207
22 0.236875 0.246643 0.266179 0.319903 0.358975
23 0.241759 0.246643 0.275947 0.329671 0.363859
24 0.241759 0.246643 0.285715 0.329671 0.373627
25 0.246643 0.241759 0.295483 0.339439 0.378511
26 0.236875 0.256411 0.295483 0.344323 0.393163
27 0.241759 0.261295 0.290599 0.354091 0.398047
28 0.261295 0.256411 0.295483 0.363859 0.402931
29 0.246643 0.266179 0.300367 0.363859 0.412699
30 0.256411 0.271063 0.315019 0.373627 0.422467
31 0.251527 0.275947 0.315019 0.378511 0.432235
32 0.256411 0.271063 0.319903 0.388279 0.437119
33 0.256411 0.280831 0.315019 0.393163 0.437119
34 0.266179 0.266179 0.334555 0.402931 0.456655
35 0.256411 0.285715 0.334555 0.412699 0.456655
36 0.266179 0.280831 0.344323 0.412699 0.466423
37 0.266179 0.285715 0.349207 0.422467 0.471307
38 0.271063 0.290599 0.349207 0.427351 0.481075
39 0.275947 0.290599 0.363859 0.432235 0.481075
40 0.275947 0.300367 0.358975 0.442003 0.495727
41 0.275947 0.295483 0.368743 0.446887 0.495727
42 0.280831 0.310135 0.368743 0.451771 0.505495
43 0.285715 0.310135 0.373627 0.461539 0.515263
44 0.275947 0.305251 0.378511 0.466423 0.515263
45 0.285715 0.319903 0.378511 0.471307 0.525031
46 0.285715 0.324787 0.393163 0.476191 0.534799
47 0.300367 0.324787 0.393163 0.485959 0.539683
48 0.285715 0.329671 0.398047 0.485959 0.539683
49 0.300367 0.334555 0.407815 0.495727 0.549451
50 0.295483 0.329671 0.412699 0.500611 0.554335
51 0.305251 0.334555 0.412699 0.500611 0.559219
52 0.295483 0.339439 0.417583 0.510379 0.564103
53 0.315019 0.349207 0.422467 0.520147 0.573871
54 0.300367 0.349207 0.427351 0.529915 0.578755
55 0.310135 0.363859 0.427351 0.525031 0.588523
56 0.310135 0.354091 0.437119 0.534799 0.583639
57 0.315019 0.349207 0.437119 0.534799 0.598291
58 0.315019 0.363859 0.456655 0.544567 0.598291
59 0.315019 0.358975 0.451771 0.549451 0.603175
60 0.324787 0.373627 0.451771 0.549451 0.612943
61 0.324787 0.373627 0.456655 0.559219 0.617827
62 0.324787 0.378511 0.456655 0.568987 0.622711
63 0.324787 0.393163 0.461539 0.568987 0.627595
64 0.334555 0.383395 0.476191 0.573871 0.632479
65 0.339439 0.378511 0.485959 0.583639 0.637363
66 0.334555 0.388279 0.481075 0.588523 0.652015
67 0.339439 0.393163 0.485959 0.588523 0.652015
68 0.354091 0.398047 0.485959 0.593407 0.661783
69 0.339439 0.402931 0.490843 0.603175 0.661783
70 0.358975 0.402931 0.495727 0.603175 0.666667
71 0.354091 0.402931 0.500611 0.612943 0.666667
72 0.344323 0.407815 0.505495 0.612943 0.676435
73 0.354091 0.412699 0.505495 0.617827 0.681319
74 0.354091 0.412699 0.510379 0.622711 0.681319
75 0.354091 0.417583 0.515263 0.632479 0.686203
76 0.358975 0.422467 0.520147 0.632479 0.691087
77 0.368743 0.427351 0.520147 0.637363 0.700855
78 0.368743 0.432235 0.525031 0.642247 0.705739
79 0.363859 0.427351 0.534799 0.652015 0.705739
80 0.363859 0.432235 0.534799 0.656899 0.710623
81 0.373627 0.432235 0.539683 0.652015 0.725275
82 0.373627 0.437119 0.539683 0.661783 0.725275
83 0.373627 0.456655 0.544567 0.666667 0.730159
84 0.378511 0.446887 0.549451 0.671551 0.730159
85 0.383395 0.451771 0.554335 0.671551 0.735043
86 0.388279 0.456655 0.559219 0.676435 0.744811
87 0.383395 0.456655 0.564103 0.681319 0.749695
88 0.388279 0.461539 0.568987 0.686203 0.749695
89 0.393163 0.461539 0.573871 0.691087 0.764347
90 0.388279 0.466423 0.578755 0.695971 0.764347
91 0.398047 0.471307 0.578755 0.705739 0.769231
92 0.402931 0.476191 0.583639 0.710623 0.774115
93 0.402931 0.471307 0.583639 0.710623 0.774115
94 0.407815 0.471307 0.588523 0.715507 0.778999
95 0.402931 0.481075 0.593407 0.715507 0.788767
96 0.407815 0.481075 0.593407 0.720391 0.793651
97 0.402931 0.481075 0.603175 0.725275 0.793651
98 0.412699 0.490843 0.603175 0.730159 0.798535
99 0.422467 0.490843 0.608059 0.735043 0.803419
100 0.417583 0.495727 0.612943 0.739927 0.808303
101 0.417583 0.495727 0.612943 0.744811 0.813187
102 0.422467 0.495727 0.617827 0.744811 0.818071
103 0.422467 0.510379 0.617827 0.754579 0.818071
104 0.427351 0.500611 0.622711 0.754579 0.822955
105 0.422467 0.510379 0.627595 0.754579 0.827839
106 0.432235 0.510379 0.632479 0.764347 0.832723
107 0.437119 0.510379 0.632479 0.764347 0.837607
108 0.427351 0.520147 0.637363 0.769231 0.842491
109 0.437119 0.520147 0.637363 0.774115 0.842491
110 0.437119 0.525031 0.637363 0.778999 0.842491
111 0.437119 0.525031 0.647131 0.778999 0.852259
112 0.442003 0.529915 0.647131 0.793651 0.857143
113 0.437119 0.525031 0.652015 0.788767 0.862027
114 0.446887 0.529915 0.656899 0.793651 0.866911
115 0.446887 0.529915 0.656899 0.793651 0.862027
116 0.451771 0.534799 0.666667 0.798535 0.871795
117 0.446887 0.539683 0.666667 0.803419 0.876679
118 0.451771 0.539683 0.671551 0.808303 0.886447
119 0.461539 0.544567 0.666667 0.813187 0.881563
120 0.456655 0.549451 0.671551 0.818071 0.886447
121 0.456655 0.549451 0.676435 0.813187 0.896215
122 0.456655 0.549451 0.681319 0.822955 0.891331
123 0.461539 0.554335 0.686203 0.827839 0.896215
124 0.461539 0.559219 0.691087 0.827839 0.901099
125 0.471307 0.559219 0.691087 0.832723 0.905983
126 0.466423 0.564103 0.691087 0.842491 0.910867
127 0.476191 0.564103 0.691087 0.837607 0.915751
128 0.476191 0.564103 0.700855 0.842491 0.915751
129 0.471307 0.573871 0.700855 0.842491 0.915751
130 0.476191 0.573871 0.710623 0.852259 0.920635
131 0.481075 0.578755 0.705739 0.852259 0.930403
132 0.481075 0.573871 0.720391 0.852259 0.930403
133 0.481075 0.568987 0.720391 0.857143 0.935287
134 0.481075 0.578755 0.715507 0.866911 0.940171
135 0.481075 0.583639 0.715507 0.871795 0.940171
136 0.481075 0.578755 0.725275 0.871795 0.949939
137 0.485959 0.583639 0.725275 0.871795 0.954823
138 0.490843 0.593407 0.725275 0.881563 0.954823
139 0.490843 0.593407 0.735043 0.881563 0.959707
140 0.490843 0.598291 0.735043 0.886447 0.959707
141 0.500611 0.608059 0.735043 0.886447 0.959707
142 0.495727 0.603175 0.739927 0.896215 0.964591
143 0.500611 0.598291 0.744811 0.891331 0.969475
144 0.495727 0.608059 0.749695 0.901099 0.969475
145 0.500611 0.603175 0.749695 0.901099 0.979243
146 0.505495 0.608059 0.759463 0.901099 0.979243
147 0.510379 0.612943 0.754579 0.905983 0.984127
148 0.505495 0.608059 0.759463 0.910867 0.984127
149 0.510379 0.612943 0.764347 0.915751 0.989011
150 0.510379 0.617827 0.764347 0.920635 0.993895
151 0.515263 0.617827 0.769231 0.920635 0.993895
152 0.515263 0.617827 0.769231 0.920635 0.998779
153 0.515263 0.622711 0.774115 0.925519 1.003663
154 0.520147 0.627595 0.769231 0.920635 1.003663
155 0.520147 0.627595 0.774115 0.930403 1.003663
156 0.520147 0.632479 0.778999 0.940171 1.008547
157 0.520147 0.632479 0.783883 0.935287 1.018315
158 0.525031 0.632479 0.783883 0.940171 1.018315
159 0.520147 0.632479 0.783883 0.945055 1.023199
160 0.525031 0.637363 0.793651 0.945055 1.018315
161 0.529915 0.642247 0.788767 0.949939 1.028083
162 0.529915 0.652015 0.793651 0.949939 1.028083
163 0.529915 0.647131 0.793651 0.959707 1.032967
164 0.534799 0.647131 0.803419 0.959707 1.037851
165 0.534799 0.652015 0.803419 0.959707 1.037851
166 0.534799 0.661783 0.808303 0.964591 1.037851
167 0.534799 0.652015 0.803419 0.969475 1.047619
168 0.539683 0.666667 0.803419 0.969475 1.047619
169 0.539683 0.661783 0.813187 0.974359 1.052503
170 0.539683 0.656899 0.818071 0.979243 1.052503
171 0.544567 0.661783 0.818071 0.979243 1.057387
172 0.544567 0.661783 0.822955 0.979243 1.057387
173 0.554335 0.661783 0.818071 0.979243 1.062271
174 0.549451 0.666667 0.822955 0.989011 1.067155
175 0.549451 0.671551 0.822955 0.989011 1.072039
176 0.554335 0.671551 0.827839 0.989011 1.067155
177 0.554335 0.676435 0.827839 0.998779 1.072039
178 0.554335 0.666667 0.837607 0.993895 1.072039
179 0.554335 0.676435 0.837607 0.998779 1.076923
180 0.568987 0.676435 0.832723 1.003663 1.081807
181 0.559219 0.681319 0.837607 1.008547 1.081807
182 0.564103 0.686203 0.837607 1.008547 1.086691
183 0.564103 0.686203 0.837607 1.013431 1.086691
184 0.559219 0.681319 0.847375 1.008547 1.091575
185 0.559219 0.686203 0.847375 1.018315 1.091575
186 0.568987 0.691087 0.847375 1.013431 1.096459
187 0.564103 0.691087 0.852259 1.023199 1.096459
188 0.568987 0.695971 0.857143 1.018315 1.096459
189 0.568987 0.695971 0.852259 1.023199 1.101343
190 0.568987 0.700855 0.852259 1.028083 1.101343
191 0.568987 0.700855 0.862027 1.028083 1.106228
192 0.578755 0.700855 0.862027 1.028083 1.106228
193 0.573871 0.700855 0.866911 1.032967 1.111112
194 0.578755 0.705739 0.866911 1.032967 1.115996
195 0.573871 0.705739 0.866911 1.037851 1.120880
196 0.588523 0.720391 0.871795 1.037851 1.115996
197 0.583639 0.705739 0.871795 1.042735 1.120880
198 0.578755 0.710623 0.866911 1.042735 1.125764
199 0.578755 0.715507 0.876679 1.042735 1.125764
200 0.583639 0.715507 0.881563 1.052503 1.125764
201 0.588523 0.715507 0.881563 1.052503 1.125764
202 0.583639 0.720391 0.881563 1.057387 1.135532
203 0.588523 0.715507 0.886447 1.052503 1.135532
204 0.588523 0.715507 0.886447 1.057387 1.140416
205 0.588523 0.720391 0.886447 1.057387 1.140416
206 0.593407 0.725275 0.891331 1.062271 1.145300
207 0.593407 0.725275 0.896215 1.062271 1.145300
208 0.593407 0.730159 0.896215 1.067155 1.145300
209 0.593407 0.730159 0.896215 1.067155 1.140416
210 0.598291 0.735043 0.901099 1.067155 1.155068
211 0.603175 0.735043 0.901099 1.072039 1.145300
212 0.598291 0.735043 0.905983 1.076923 1.155068
213 0.603175 0.739927 0.905983 1.076923 1.159952
214 0.608059 0.739927 0.910867 1.076923 1.159952
215 0.603175 0.739927 0.905983 1.081807 1.155068
216 0.612943 0.749695 0.910867 1.081807 1.155068
217 0.603175 0.744811 0.910867 1.081807 1.159952
218 0.608059 0.744811 0.915751 1.086691 1.164836
219 0.612943 0.744811 0.920635 1.086691 1.169720
220 0.612943 0.749695 0.920635 1.091575 1.169720
221 0.612943 0.749695 0.920635 1.096459 1.174604
222 0.622711 0.749695 0.920635 1.096459 1.174604
223 0.617827 0.754579 0.925519 1.096459 1.179488
224 0.612943 0.754579 0.925519 1.096459 1.174604
225 0.617827 0.754579 0.925519 1.101343 1.179488
226 0.622711 0.754579 0.930403 1.101343 1.184372
227 0.617827 0.749695 0.935287 1.106228 1.184372
228 0.622711 0.764347 0.935287 1.106228 1.184372
229 0.627595 0.759463 0.935287 1.111112 1.189256
230 0.622711 0.764347 0.935287 1.111112 1.189256
231 0.627595 0.764347 0.935287 1.111112 1.189256
232 0.627595 0.769231 0.940171 1.115996 1.194140
233 0.617827 0.764347 0.940171 1.120880 1.199024
234 0.627595 0.774115 0.940171 1.115996 1.194140
235 0.632479 0.769231 0.949939 1.120880 1.194140
236 0.632479 0.774115 0.945055 1.120880 1.199024
237 0.632479 0.774115 0.949939 1.125764 1.203908
238 0.632479 0.774115 0.949939 1.125764 1.208792
239 0.632479 0.778999 0.954823 1.125764 1.203908
240 0.632479 0.774115 0.954823 1.125764 1.208792
241 0.637363 0.778999 0.954823 1.130648 1.213676
242 0.632479 0.778999 0.954823 1.135532 1.213676
243 0.637363 0.783883 0.959707 1.135532 1.213676
244 0.642247 0.783883 0.964591 1.135532 1.213676
245 0.642247 0.783883 0.964591 1.140416 1.218560
246 0.642247 0.783883 0.964591 1.140416 1.218560
247 0.642247 0.788767 0.964591 1.145300 1.218560
248 0.647131 0.788767 0.964591 1.145300 1.218560
249 0.647131 0.798535 0.969475 1.145300 1.228328
250 0.642247 0.788767 0.969475 1.150184 1.223444
251 0.652015 0.793651 0.974359 1.150184 1.228328
252 0.656899 0.803419 0.974359 1.150184 1.223444
253 0.652015 0.798535 0.969475 1.155068 1.233212
254 0.656899 0.798535 0.974359 1.155068 1.233212
255 0.656899 0.798535 0.974359 1.155068 1.233212
256 0.656899 0.803419 0.979243 1.159952 1.238096
257 0.652015 0.803419 0.979243 1.159952 1.233212
258 0.661783 0.803419 0.979243 1.164836 1.238096
259 0.656899 0.813187 0.984127 1.164836 1.238096
260 0.661783 0.808303 0.984127 1.164836 1.242980
261 0.656899 0.808303 0.989011 1.164836 1.242980
262 0.656899 0.808303 0.984127 1.169720 1.247864
263 0.661783 0.813187 0.993895 1.164836 1.242980
264 0.656899 0.813187 0.993895 1.164836 1.247864
265 0.666667 0.813187 0.993895 1.174604 1.247864
266 0.666667 0.818071 0.993895 1.169720 1.247864
267 0.666667 0.813187 0.998779 1.179488 1.252748
268 0.666667 0.818071 0.998779 1.179488 1.257632
269 0.666667 0.813187 0.998779 1.179488 1.252748
270 0.666667 0.818071 1.003663 1.184372 1.252748
271 0.676435 0.818071 0.998779 1.179488 1.257632
272 0.671551 0.822955 1.003663 1.184372 1.257632
273 0.671551 0.822955 1.003663 1.184372 1.262516
274 0.671551 0.822955 1.008547 1.184372 1.262516
275 0.676435 0.827839 1.008547 1.189256 1.267400
276 0.671551 0.827839 1.003663 1.194140 1.267400
277 0.671551 0.822955 1.008547 1.194140 1.267400
278 0.676435 0.827839 1.013431 1.194140 1.267400
279 0.671551 0.822955 1.013431 1.194140 1.267400
280 0.681319 0.837607 1.013431 1.194140 1.267400
281 0.676435 0.832723 1.018315 1.194140 1.272284
282 0.676435 0.832723 1.013431 1.199024 1.277168
283 0.676435 0.837607 1.018315 1.199024 1.272284
284 0.686203 0.837607 1.018315 1.203908 1.277168
285 0.676435 0.837607 1.018315 1.199024 1.277168
286 0.681319 0.837607 1.023199 1.203908 1.277168
287 0.686203 0.837607 1.023199 1.199024 1.277168
288 0.681319 0.842491 1.028083 1.203908 1.282052
289 0.681319 0.842491 1.028083 1.208792 1.282052
290 0.686203 0.842491 1.028083 1.208792 1.282052
291 0.691087 0.842491 1.023199 1.208792 1.286936
292 0.686203 0.842491 1.028083 1.213676 1.286936
293 0.686203 0.842491 1.032967 1.208792 1.282052
294 0.691087 0.842491 1.037851 1.208792 1.286936
295 0.686203 0.847375 1.032967 1.213676 1.296704
296 0.686203 0.842491 1.032967 1.213676 1.296704
297 0.691087 0.847375 1.032967 1.223444 1.291820
298 0.695971 0.852259 1.032967 1.218560 1.291820
299 0.695971 0.837607 1.037851 1.223444 1.296704
300 0.691087 0.852259 1.042735 1.218560 1.291820
301 0.695971 0.852259 1.037851 1.223444 1.296704
302 0.695971 0.852259 1.037851 1.223444 1.291820
303 0.691087 0.847375 1.042735 1.228328 1.296704
304 0.700855 0.852259 1.042735 1.223444 1.301588
305 0.695971 0.852259 1.047619 1.223444 1.301588
306 0.700855 0.857143 1.042735 1.228328 1.301588
307 0.700855 0.857143 1.042735 1.228328 1.301588
308 0.700855 0.862027 1.042735 1.233212 1.306472
309 0.705739 0.862027 1.052503 1.228328 1.306472
310 0.710623 0.862027 1.047619 1.233212 1.311356
311 0.705739 0.862027 1.052503 1.233212 1.311356
312 0.695971 0.857143 1.047619 1.238096 1.311356
313 0.705739 0.862027 1.052503 1.233212 1.311356
314 0.700855 0.862027 1.057387 1.233212 1.311356
315 0.695971 0.866911 1.057387 1.238096 1.311356
316 0.705739 0.862027 1.057387 1.242980 1.316240
317 0.710623 0.866911 1.052503 1.238096 1.311356
318 0.705739 0.866911 1.052503 1.238096 1.316240
319 0.700855 0.876679 1.057387 1.242980 1.316240
320 0.700855 0.866911 1.067155 1.242980 1.316240
321 0.710623 0.871795 1.057387 1.242980 1.321124
322 0.705739 0.871795 1.057387 1.247864 1.321124
323 0.710623 0.866911 1.062271 1.247864 1.321124
324 0.705739 0.871795 1.067155 1.247864 1.321124
325 0.715507 0.876679 1.067155 1.247864 1.321124
326 0.705739 0.871795 1.062271 1.247864 1.326008
327 0.705739 0.871795 1.067155 1.247864 1.326008
328 0.710623 0.871795 1.067155 1.247864 1.330892
329 0.715507 0.876679 1.067155 1.247864 1.326008
330 0.710623 0.871795 1.072039 1.252748 1.326008
331 0.715507 0.876679 1.076923 1.247864 1.330892
332 0.715507 0.876679 1.076923 1.257632 1.330892
333 0.710623 0.876679 1.072039 1.257632 1.330892
334 0.715507 0.881563 1.072039 1.257632 1.335776
335 0.720391 0.881563 1.067155 1.257632 1.330892
336 0.715507 0.881563 1.076923 1.257632 1.335776
337 0.715507 0.881563 1.076923 1.262516 1.335776
338 0.720391 0.881563 1.076923 1.262516 1.340660
339 0.720391 0.886447 1.072039 1.262516 1.340660
340 0.715507 0.886447 1.076923 1.262516 1.335776
341 0.725275 0.886447 1.076923 1.267400 1.340660
342 0.730159 0.881563 1.081807 1.262516 1.340660
343 0.720391 0.886447 1.081807 1.262516 1.340660
344 0.720391 0.886447 1.081807 1.262516 1.340660
345 0.725275 0.891331 1.081807 1.262516 1.345544
346 0.725275 0.891331 1.081807 1.267400 1.340660
347 0.720391 0.891331 1.081807 1.272284 1.340660
348 0.725275 0.891331 1.081807 1.272284 1.345544
349 0.730159 0.891331 1.091575 1.272284 1.345544
350 0.730159 0.891331 1.086691 1.272284 1.345544
351 0.725275 0.891331 1.081807 1.272284 1.350428
352 0.725275 0.891331 1.081807 1.272284 1.350428
353 0.730159 0.896215 1.086691 1.272284 1.350428
354 0.730159 0.896215 1.086691 1.277168 1.350428
355 0.730159 0.891331 1.086691 1.277168 1.350428
356 0.730159 0.901099 1.091575 1.277168 1.345544
357 0.725275 0.896215 1.091575 1.277168 1.350428
358 0.735043 0.896215 1.091575 1.282052 1.350428
359 0.730159 0.901099 1.091575 1.277168 1.350428
360 0.730159 0.896215 1.096459 1.277168 1.355312
361 0.735043 0.896215 1.091575 1.282052 1.355312
362 0.730159 0.896215 1.096459 1.282052 1.355312
363 0.735043 0.901099 1.096459 1.282052 1.355312
364 0.730159 0.901099 1.096459 1.282052 1.355312
365 0.735043 0.901099 1.091575 1.286936 1.355312
366 0.735043 0.901099 1.096459 1.282052 1.355312
367 0.739927 0.901099 1.096459 1.286936 1.360196
368 0.739927 0.910867 1.096459 1.286936 1.360196
369 0.735043 0.901099 1.096459 1.286936 1.360196
370 0.735043 0.905983 1.101343 1.286936 1.360196
371 0.739927 0.910867 1.096459 1.286936 1.360196
372 0.739927 0.901099 1.101343 1.291820 1.360196
373 0.739927 0.905983 1.101343 1.291820 1.360196
374 0.739927 0.905983 1.101343 1.291820 1.369964
375 0.735043 0.910867 1.101343 1.291820 1.365080
376 0.739927 0.910867 1.106228 1.291820 1.365080
377 0.739927 0.910867 1.106228 1.286936 1.369964
378 0.744811 0.910867 1.106228 1.296704 1.369964
379 0.744811 0.905983 1.106228 1.296704 1.369964
380 0.739927 0.901099 1.115996 1.296704 1.369964
381 0.744811 0.910867 1.106228 1.296704 1.369964
382 0.739927 0.915751 1.111112 1.291820 1.369964
383 0.744811 0.910867 1.111112 1.301588 1.369964
384 0.739927 0.910867 1.106228 1.301588 1.369964
385 0.744811 0.910867 1.106228 1.296704 1.369964
386 0.744811 0.915751 1.111112 1.301588 1.374848
387 0.749695 0.920635 1.111112 1.301588 1.374848
388 0.744811 0.915751 1.115996 1.301588 1.369964
389 0.744811 0.925519 1.111112 1.306472 1.374848
390 0.744811 0.920635 1.111112 1.301588 1.374848
391 0.749695 0.910867 1.111112 1.306472 1.374848
392 0.749695 0.920635 1.115996 1.296704 1.379732
393 0.749695 0.920635 1.115996 1.306472 1.374848
394 0.749695 0.925519 1.115996 1.306472 1.379732
395 0.749695 0.915751 1.120880 1.306472 1.374848
396 0.754579 0.930403 1.115996 1.306472 1.379732
397 0.749695 0.925519 1.115996 1.306472 1.374848
398 0.749695 0.920635 1.120880 1.306472 1.379732
399 0.754579 0.925519 1.120880 1.306472 1.384616
400 0.749695 0.925519 1.120880 1.306472 1.384616
401 0.754579 0.925519 1.120880 1.311356 1.379732
402 0.759463 0.920635 1.120880 1.306472 1.384616
403 0.754579 0.925519 1.120880 1.316240 1.379732
404 0.754579 0.925519 1.120880 1.311356 1.384616
405 0.754579 0.925519 1.125764 1.311356 1.384616
406 0.754579 0.925519 1.120880 1.316240 1.384616
407 0.754579 0.930403 1.125764 1.311356 1.389500
408 0.754579 0.930403 1.120880 1.316240 1.389500
409 0.754579 0.925519 1.125764 1.311356 1.389500
410 0.764347 0.930403 1.125764 1.316240 1.394384
411 0.754579 0.930403 1.125764 1.316240 1.394384
412 0.754579 0.925519 1.130648 1.321124 1.389500
413 0.759463 0.935287 1.125764 1.316240 1.394384
414 0.754579 0.935287 1.130648 1.321124 1.394384
415 0.759463 0.930403 1.130648 1.321124 1.394384
416 0.759463 0.925519 1.130648 1.321124 1.394384
417 0.754579 0.930403 1.135532 1.321124 1.399268
418 0.764347 0.935287 1.130648 1.321124 1.399268
419 0.759463 0.940171 1.135532 1.321124 1.399268
420 0.764347 0.935287 1.130648 1.321124 1.399268
421 0.764347 0.935287 1.135532 1.326008 1.399268
422 0.769231 0.940171 1.135532 1.326008 1.399268
423 0.764347 0.940171 1.135532 1.321124 1.399268
424 0.764347 0.935287 1.135532 1.326008 1.399268
425 0.764347 0.940171 1.135532 1.330892 1.399268
426 0.769231 0.940171 1.135532 1.326008 1.399268
427 0.764347 0.935287 1.140416 1.326008 1.399268
428 0.764347 0.935287 1.140416 1.330892 1.399268
429 0.764347 0.940171 1.140416 1.330892 1.399268
430 0.764347 0.935287 1.135532 1.330892 1.399268
431 0.764347 0.945055 1.145300 1.330892 1.404152
432 0.769231 0.940171 1.135532 1.330892 1.404152
433 0.769231 0.940171 1.140416 1.330892 1.399268
434 0.769231 0.940171 1.140416 1.330892 1.409036
435 0.764347 0.940171 1.140416 1.330892 1.409036
436 0.769231 0.940171 1.145300 1.335776 1.409036
437 0.769231 0.945055 1.145300 1.335776 1.409036
438 0.769231 0.940171 1.145300 1.335776 1.409036
439 0.769231 0.945055 1.145300 1.335776 1.409036
440 0.769231 0.940171 1.145300 1.340660 1.409036
441 0.769231 0.945055 1.145300 1.335776 1.409036
442 0.764347 0.940171 1.150184 1.340660 1.413920
443 0.769231 0.945055 1.145300 1.335776 1.409036
444 0.769231 0.945055 1.145300 1.340660 1.409036
445 0.769231 0.945055 1.145300 1.340660 1.418804
446 0.769231 0.945055 1.150184 1.340660 1.413920
447 0.769231 0.949939 1.145300 1.340660 1.418804
448 0.778999 0.940171 1.145300 1.340660 1.413920
449 0.769231 0.949939 1.150184 1.340660 1.413920
450 0.774115 0.945055 1.150184 1.345544 1.418804
451 0.774115 0.945055 1.155068 1.340660 1.413920
452 0.774115 0.949939 1.150184 1.345544 1.418804
453 0.774115 0.949939 1.150184 1.345544 1.418804
454 0.778999 0.949939 1.155068 1.345544 1.423688
455 0.764347 0.949939 1.155068 1.345544 1.413920
456 0.774115 0.949939 1.155068 1.345544 1.423688
457 0.778999 0.954823 1.155068 1.340660 1.418804
458 0.778999 0.954823 1.150184 1.345544 1.423688
459 0.783883 0.949939 1.155068 1.350428 1.423688
460 0.778999 0.954823 1.155068 1.350428 1.418804
461 0.778999 0.949939 1.155068 1.345544 1.418804
462 0.778999 0.954823 1.155068 1.350428 1.423688
463 0.783883 0.954823 1.155068 1.350428 1.423688
464 0.778999 0.954823 1.155068 1.350428 1.423688
465 0.783883 0.954823 1.159952 1.350428 1.423688
466 0.783883 0.954823 1.159952 1.350428 1.423688
467 0.778999 0.959707 1.155068 1.350428 1.423688
468 0.778999 0.959707 1.159952 1.350428 1.428572
469 0.778999 0.964591 1.155068 1.350428 1.428572
470 0.783883 0.959707 1.155068 1.350428 1.428572
471 0.783883 0.959707 1.155068 1.360196 1.428572
472 0.778999 0.959707 1.164836 1.355312 1.428572
473 0.783883 0.959707 1.164836 1.355312 1.428572
474 0.783883 0.959707 1.159952 1.360196 1.433456
475 0.774115 0.954823 1.159952 1.355312 1.433456
476 0.788767 0.964591 1.159952 1.360196 1.433456
477 0.783883 0.959707 1.159952 1.355312 1.433456
478 0.783883 0.959707 1.155068 1.360196 1.428572
479 0.783883 0.959707 1.169720 1.355312 1.433456
480 0.783883 0.964591 1.164836 1.355312 1.428572
481 0.783883 0.959707 1.164836 1.355312 1.433456
482 0.783883 0.964591 1.164836 1.360196 1.433456
483 0.788767 0.964591 1.169720 1.360196 1.433456
484 0.783883 0.954823 1.169720 1.360196 1.433456
485 0.783883 0.964591 1.164836 1.365080 1.433456
486 0.783883 0.959707 1.164836 1.360196 1.438340
487 0.783883 0.964591 1.164836 1.365080 1.438340
488 0.783883 0.969475 1.164836 1.360196 1.438340
489 0.778999 0.959707 1.164836 1.365080 1.433456
490 0.788767 0.959707 1.169720 1.360196 1.438340
491 0.788767 0.964591 1.164836 1.365080 1.443224
492 0.793651 0.964591 1.169720 1.365080 1.438340
493 0.788767 0.964591 1.174604 1.365080 1.443224
494 0.788767 0.969475 1.174604 1.365080 1.438340
495 0.783883 0.959707 1.174604 1.365080 1.438340
496 0.783883 0.964591 1.179488 1.365080 1.438340
497 0.788767 0.969475 1.169720 1.365080 1.443224
498 0.783883 0.969475 1.174604 1.369964 1.438340
499 0.783883 0.964591 1.174604 1.365080 1.438340
500 0.783883 0.964591 1.169720 1.365080 1.438340
501 0.778999 0.964591 1.174604 1.365080 1.448108
502 0.788767 0.969475 1.174604 1.369964 1.438340
503 0.788767 0.964591 1.174604 1.365080 1.438340
504 0.788767 0.969475 1.174604 1.369964 1.443224
505 0.783883 0.964591 1.174604 1.369964 1.443224
506 0.788767 0.969475 1.169720 1.369964 1.443224
507 0.793651 0.964591 1.169720 1.369964 1.438340
508 0.783883 0.964591 1.174604 1.369964 1.443224
509 0.788767 0.974359 1.174604 1.369964 1.443224
510 0.788767 0.964591 1.179488 1.374848 1.448108
511 0.788767 0.974359 1.174604 1.369964 1.443224
512 0.788767 0.979243 1.179488 1.369964 1.443224
513 0.788767 0.969475 1.174604 1.374848 1.443224
514 0.793651 0.974359 1.174604 1.369964 1.443224
515 0.788767 0.969475 1.179488 1.369964 1.443224
516 0.788767 0.969475 1.174604 1.374848 1.443224
517 0.788767 0.969475 1.174604 1.369964 1.443224
518 0.788767 0.969475 1.174604 1.369964 1.443224
519 0.793651 0.969475 1.179488 1.369964 1.448108
520 0.793651 0.969475 1.179488 1.369964 1.448108
521 0.788767 0.974359 1.179488 1.369964 1.438340
522 0.788767 0.974359 1.179488 1.369964 1.448108
523 0.793651 0.974359 1.174604 1.369964 1.448108
524 0.793651 0.969475 1.179488 1.374848 1.438340
525 0.793651 0.974359 1.174604 1.374848 1.448108
526 0.793651 0.979243 1.174604 1.369964 1.448108
527 0.793651 0.974359 1.179488 1.374848 1.448108
528 0.793651 0.974359 1.184372 1.374848 1.443224
529 0.793651 0.974359 1.179488 1.374848 1.443224
530 0.793651 0.969475 1.179488 1.374848 1.448108
531 0.798535 0.974359 1.179488 1.369964 1.448108
532 0.793651 0.979243 1.174604 1.374848 1.448108
533 0.798535 0.974359 1.179488 1.379732 1.448108
534 0.798535 0.979243 1.179488 1.374848 1.448108
535 0.798535 0.974359 1.179488 1.374848 1.448108
536 0.798535 0.979243 1.179488 1.374848 1.448108
537 0.793651 0.979243 1.179488 1.374848 1.448108
538 0.788767 0.984127 1.179488 1.374848 1.448108
539 0.798535 0.974359 1.184372 1.374848 1.448108
540 0.793651 0.974359 1.184372 1.374848 1.443224
541 0.793651 0.979243 1.184372 1.369964 1.452992
542 0.793651 0.979243 1.179488 1.374848 1.452992
543 0.798535 0.974359 1.179488 1.374848 1.452992
544 0.793651 0.984127 1.179488 1.379732 1.452992
545 0.798535 0.979243 1.179488 1.379732 1.452992
546 0.793651 0.974359 1.184372 1.374848 1.448108
547 0.798535 0.979243 1.184372 1.379732 1.448108
548 0.793651 0.979243 1.184372 1.379732 1.448108
549 0.798535 0.979243 1.184372 1.379732 1.457876
550 0.798535 0.979243 1.179488 1.379732 1.452992
551 0.803419 0.989011 1.184372 1.379732 1.452992
552 0.798535 0.984127 1.184372 1.379732 1.448108
553 0.798535 0.979243 1.184372 1.379732 1.452992
554 0.793651 0.979243 1.189256 1.379732 1.452992
555 0.798535 0.974359 1.184372 1.379732 1.452992
556 0.798535 0.984127 1.179488 1.384616 1.448108
557 0.798535 0.974359 1.189256 1.379732 1.448108
558 0.793651 0.979243 1.184372 1.384616 1.448108
559 0.803419 0.979243 1.184372 1.379732 1.452992
560 0.798535 0.984127 1.184372 1.379732 1.452992
561 0.798535 0.984127 1.184372 1.384616 1.457876
562 0.798535 0.984127 1.189256 1.379732 1.452992
563 0.798535 0.979243 1.184372 1.379732 1.448108
564 0.803419 0.979243 1.184372 1.384616 1.457876
565 0.798535 0.979243 1.189256 1.384616 1.452992
566 0.803419 0.984127 1.189256 1.384616 1.452992
567 0.803419 0.979243 1.189256 1.384616 1.457876
568 0.798535 0.979243 1.189256 1.384616 1.448108
569 0.808303 0.984127 1.189256 1.384616 1.452992
570 0.798535 0.984127 1.189256 1.384616 1.452992
571 0.798535 0.984127 1.189256 1.384616 1.462760
572 0.803419 0.984127 1.189256 1.379732 1.452992
573 0.803419 0.979243 1.189256 1.379732 1.457876
574 0.803419 0.984127 1.189256 1.389500 1.457876
575 0.803419 0.984127 1.189256 1.384616 1.457876
576 0.798535 0.979243 1.184372 1.384616 1.457876
577 0.803419 0.979243 1.189256 1.389500 1.457876
578 0.793651 0.984127 1.194140 1.384616 1.452992
579 0.803419 0.989011 1.189256 1.384616 1.457876
580 0.803419 0.984127 1.194140 1.384616 1.457876
581 0.803419 0.984127 1.194140 1.384616 1.457876
582 0.803419 0.993895 1.189256 1.384616 1.457876
583 0.803419 0.984127 1.194140 1.389500 1.457876
584 0.808303 0.984127 1.189256 1.384616 1.457876
585 0.808303 0.989011 1.194140 1.389500 1.457876
586 0.803419 0.979243 1.194140 1.389500 1.457876
587 0.803419 0.984127 1.194140 1.384616 1.462760
588 0.808303 0.984127 1.189256 1.384616 1.462760
589 0.803419 0.989011 1.194140 1.389500 1.457876
590 0.808303 0.989011 1.194140 1.389500 1.462760
591 0.803419 0.984127 1.194140 1.389500 1.462760
592 0.803419 0.989011 1.199024 1.389500 1.457876
593 0.813187 0.989011 1.194140 1.384616 1.462760
594 0.803419 0.984127 1.194140 1.389500 1.457876
595 0.798535 0.989011 1.194140 1.394384 1.457876
596 0.808303 0.989011 1.194140 1.389500 1.462760
597 0.808303 0.989011 1.194140 1.389500 1.457876
598 0.808303 0.989011 1.194140 1.389500 1.462760
599 0.808303 0.984127 1.199024 1.394384 1.462760
600 0.808303 0.984127 1.194140 1.389500 1.462760
601 0.808303 0.989011 1.199024 1.389500 1.457876
602 0.798535 0.989011 1.199024 1.389500 1.467644
603 0.808303 0.989011 1.194140 1.389500 1.462760
604 0.813187 0.989011 1.194140 1.394384 1.462760
605 0.803419 0.989011 1.194140 1.394384 1.462760
606 0.813187 0.989011 1.194140 1.384616 1.467644
607 0.803419 0.993895 1.194140 1.389500 1.467644
608 0.813187 0.989011 1.199024 1.389500 1.462760
609 0.808303 0.984127 1.194140 1.394384 1.462760
610 0.808303 0.993895 1.194140 1.394384 1.467644
611 0.808303 0.993895 1.194140 1.394384 1.462760
612 0.808303 0.989011 1.194140 1.389500 1.467644
613 0.808303 0.989011 1.199024 1.394384 1.462760
614 0.808303 0.993895 1.199024 1.394384 1.462760
615 0.803419 0.989011 1.194140 1.394384 1.467644
616 0.803419 0.989011 1.199024 1.394384 1.462760
617 0.813187 0.989011 1.194140 1.399268 1.467644
618 0.813187 0.993895 1.203908 1.399268 1.467644
619 0.808303 0.993895 1.199024 1.394384 1.467644
620 0.803419 0.993895 1.203908 1.394384 1.467644
621 0.808303 0.989011 1.199024 1.399268 1.467644
622 0.813187 0.989011 1.199024 1.394384 1.467644
623 0.818071 0.993895 1.199024 1.394384 1.467644
624 0.808303 0.993895 1.199024 1.399268 1.467644
625 0.813187 0.993895 1.199024 1.394384 1.467644
626 0.808303 0.993895 1.199024 1.394384 1.467644
627 0.808303 0.993895 1.199024 1.399268 1.472528
628 0.808303 0.989011 1.203908 1.399268 1.462760
629 0.808303 0.989011 1.203908 1.399268 1.472528
630 0.803419 0.998779 1.203908 1.394384 1.467644
631 0.808303 0.998779 1.203908 1.399268 1.472528
632 0.813187 0.993895 1.199024 1.399268 1.467644
633 0.808303 0.993895 1.203908 1.394384 1.467644
634 0.813187 0.993895 1.199024 1.399268 1.467644
635 0.808303 0.998779 1.199024 1.394384 1.467644
636 0.818071 0.989011 1.199024 1.399268 1.467644
637 0.808303 0.993895 1.199024 1.399268 1.472528
638 0.808303 0.993895 1.199024 1.399268 1.462760
639 0.808303 0.993895 1.203908 1.394384 1.472528
640 0.813187 0.993895 1.203908 1.399268 1.472528
641 0.813187 0.993895 1.199024 1.394384 1.467644
642 0.813187 0.993895 1.203908 1.394384 1.472528
643 0.813187 0.993895 1.203908 1.399268 1.477412
644 0.813187 0.993895 1.208792 1.399268 1.467644
645 0.813187 0.993895 1.203908 1.399268 1.467644
646 0.813187 0.998779 1.203908 1.399268 1.467644
647 0.813187 0.993895 1.203908 1.399268 1.472528
648 0.808303 0.998779 1.199024 1.394384 1.472528
649 0.813187 0.998779 1.199024 1.399268 1.472528
650 0.808303 0.998779 1.203908 1.399268 1.467644
651 0.813187 0.993895 1.203908 1.399268 1.472528
652 0.808303 0.998779 1.203908 1.399268 1.472528
653 0.818071 0.998779 1.203908 1.399268 1.467644
654 0.813187 0.998779 1.199024 1.399268 1.472528
655 0.808303 0.993895 1.203908 1.399268 1.472528
656 0.813187 0.998779 1.203908 1.399268 1.467644
657 0.813187 0.998779 1.203908 1.399268 1.472528
658 0.808303 0.993895 1.199024 1.399268 1.467644
659 0.808303 0.993895 1.203908 1.404152 1.467644
660 0.813187 0.993895 1.203908 1.404152 1.472528
661 0.813187 0.998779 1.208792 1.399268 1.477412
662 0.818071 0.993895 1.208792 1.399268 1.477412
663 0.813187 0.993895 1.203908 1.399268 1.467644
664 0.813187 0.993895 1.203908 1.394384 1.472528
665 0.813187 0.998779 1.203908 1.399268 1.472528
666 0.813187 0.993895 1.208792 1.404152 1.472528
667 0.808303 0.993895 1.203908 1.399268 1.472528
668 0.813187 0.993895 1.203908 1.404152 1.472528
669 0.813187 0.993895 1.208792 1.404152 1.472528
670 0.813187 0.998779 1.208792 1.399268 1.472528
671 0.813187 0.998779 1.208792 1.399268 1.467644
672 0.813187 1.008547 1.203908 1.399268 1.477412
673 0.813187 0.993895 1.208792 1.399268 1.472528
674 0.818071 0.993895 1.203908 1.404152 1.472528
675 0.813187 0.998779 1.203908 1.404152 1.472528
676 0.813187 0.993895 1.203908 1.399268 1.472528
677 0.818071 0.993895 1.208792 1.399268 1.472528
678 0.813187 0.998779 1.203908 1.399268 1.477412
679 0.813187 0.998779 1.208792 1.409036 1.472528
680 0.813187 0.998779 1.203908 1.404152 1.477412
681 0.813187 0.993895 1.203908 1.399268 1.472528
682 0.818071 0.998779 1.208792 1.404152 1.467644
683 0.808303 0.993895 1.208792 1.404152 1.472528
684 0.818071 1.003663 1.208792 1.399268 1.472528
685 0.813187 0.998779 1.203908 1.404152 1.477412
686 0.818071 0.998779 1.203908 1.404152 1.472528
687 0.813187 0.993895 1.203908 1.404152 1.472528
688 0.818071 0.998779 1.208792 1.404152 1.477412
689 0.813187 1.008547 1.203908 1.399268 1.472528
690 0.803419 1.003663 1.203908 1.399268 1.472528
691 0.813187 0.989011 1.213676 1.399268 1.472528
692 0.818071 0.998779 1.203908 1.404152 1.467644
693 0.818071 0.993895 1.208792 1.399268 1.472528
694 0.813187 0.993895 1.208792 1.404152 1.472528
695 0.813187 0.998779 1.208792 1.404152 1.472528
696 0.813187 0.998779 1.208792 1.399268 1.472528
697 0.818071 0.998779 1.203908 1.404152 1.472528
698 0.813187 0.993895 1.208792 1.404152 1.477412
699 0.818071 0.998779 1.208792 1.399268 1.467644
700 0.818071 0.998779 1.208792 1.399268 1.472528
701 0.813187 0.998779 1.203908 1.399268 1.472528
702 0.813187 1.003663 1.203908 1.404152 1.472528
703 0.818071 0.998779 1.208792 1.399268 1.477412
704 0.818071 1.003663 1.208792 1.404152 1.472528
705 0.808303 0.989011 1.208792 1.404152 1.472528
706 0.822955 1.003663 1.203908 1.404152 1.472528
707 0.813187 1.008547 1.203908 1.404152 1.472528
708 0.827839 0.998779 1.208792 1.404152 1.472528
709 0.818071 0.998779 1.208792 1.404152 1.467644
710 0.818071 0.998779 1.208792 1.404152 1.472528
711 0.813187 0.998779 1.213676 1.404152 1.472528
712 0.818071 0.998779 1.213676 1.404152 1.472528
713 0.818071 0.998779 1.208792 1.399268 1.472528
714 0.818071 1.003663 1.208792 1.404152 1.472528
715 0.818071 0.998779 1.208792 1.404152 1.477412
716 0.822955 1.003663 1.203908 1.409036 1.472528
717 0.818071 0.998779 1.208792 1.404152 1.477412
718 0.822955 0.998779 1.213676 1.399268 1.477412
719 0.818071 1.003663 1.208792 1.404152 1.477412
720 0.822955 0.998779 1.208792 1.404152 1.472528
721 0.818071 0.998779 1.208792 1.399268 1.472528
722 0.818071 1.003663 1.203908 1.404152 1.477412
723 0.822955 1.003663 1.203908 1.409036 1.472528
724 0.818071 0.998779 1.208792 1.409036 1.472528
725 0.822955 1.003663 1.208792 1.409036 1.472528
726 0.818071 1.003663 1.208792 1.404152 1.477412
727 0.822955 0.998779 1.208792 1.404152 1.472528
728 0.818071 0.998779 1.208792 1.409036 1.477412
729 0.822955 0.998779 1.208792 1.409036 1.482296
730 0.818071 1.003663 1.203908 1.409036 1.472528
731 0.822955 1.003663 1.208792 1.409036 1.477412
732 0.822955 1.003663 1.213676 1.409036 1.472528
733 0.818071 1.003663 1.208792 1.404152 1.482296
734 0.818071 1.003663 1.213676 1.409036 1.477412
735 0.813187 1.003663 1.213676 1.409036 1.477412
736 0.822955 1.008547 1.208792 1.409036 1.482296
737 0.822955 1.003663 1.208792 1.409036 1.477412
738 0.818071 0.998779 1.208792 1.409036 1.477412
739 0.818071 0.998779 1.208792 1.404152 1.477412
740 0.822955 1.003663 1.213676 1.409036 1.477412
741 0.822955 1.003663 1.213676 1.409036 1.477412
742 0.818071 1.003663 1.213676 1.409036 1.477412
743 0.822955 1.008547 1.213676 1.409036 1.482296
744 0.818071 1.003663 1.213676 1.409036 1.482296
745 0.822955 0.998779 1.213676 1.409036 1.477412
746 0.818071 0.998779 1.213676 1.409036 1.477412
747 0.818071 1.003663 1.213676 1.409036 1.477412
748 0.822955 1.008547 1.208792 1.409036 1.477412
749 0.822955 1.008547 1.213676 1.409036 1.482296
750 0.827839 1.008547 1.213676 1.409036 1.477412
751 0.822955 1.003663 1.213676 1.409036 1.482296
752 0.822955 1.013431 1.208792 1.409036 1.477412
753 0.822955 1.003663 1.213676 1.409036 1.482296
754 0.822955 1.003663 1.213676 1.409036 1.482296
755 0.818071 1.008547 1.213676 1.409036 1.482296
756 0.818071 1.008547 1.213676 1.409036 1.482296
757 0.818071 1.008547 1.213676 1.413920 1.477412
758 0.822955 1.003663 1.208792 1.409036 1.477412
759 0.822955 1.003663 1.218560 1.409036 1.477412
760 0.822955 1.003663 1.213676 1.413920 1.477412
761 0.827839 1.003663 1.218560 1.409036 1.482296
762 0.822955 1.003663 1.208792 1.409036 1.482296
763 0.822955 1.003663 1.213676 1.409036 1.482296
764 0.822955 1.008547 1.213676 1.409036 1.487180
765 0.818071 1.003663 1.213676 1.413920 1.487180
766 0.818071 1.008547 1.213676 1.409036 1.487180
767 0.822955 1.008547 1.208792 1.409036 1.482296
768 0.822955 1.003663 1.213676 1.409036 1.482296
769 0.822955 1.008547 1.208792 1.413920 1.487180
770 0.822955 1.003663 1.213676 1.413920 1.482296
771 0.827839 1.003663 1.213676 1.413920 1.482296
772 0.818071 1.003663 1.223444 1.409036 1.482296
773 0.827839 1.003663 1.208792 1.409036 1.482296
774 0.822955 1.008547 1.213676 1.409036 1.477412
775 0.822955 1.003663 1.213676 1.409036 1.482296
776 0.822955 1.008547 1.213676 1.413920 1.482296
777 0.822955 1.003663 1.218560 1.409036 1.477412
778 0.822955 1.003663 1.213676 1.409036 1.482296
779 0.822955 1.008547 1.213676 1.409036 1.482296
780 0.822955 1.008547 1.218560 1.413920 1.487180
781 0.818071 1.008547 1.213676 1.404152 1.477412
782 0.822955 1.013431 1.218560 1.409036 1.487180
783 0.827839 1.003663 1.223444 1.409036 1.482296
784 0.822955 1.008547 1.213676 1.413920 1.482296
785 0.822955 1.008547 1.213676 1.413920 1.487180
786 0.822955 1.008547 1.218560 1.409036 1.482296
787 0.827839 1.008547 1.218560 1.413920 1.482296
788 0.822955 1.003663 1.213676 1.409036 1.477412
789 0.822955 1.008547 1.218560 1.409036 1.482296
790 0.822955 1.008547 1.218560 1.409036 1.482296
791 0.813187 1.013431 1.213676 1.409036 1.487180
792 0.822955 1.003663 1.218560 1.413920 1.482296
793 0.818071 1.003663 1.213676 1.413920 1.482296
794 0.832723 1.008547 1.213676 1.413920 1.482296
795 0.822955 1.008547 1.218560 1.413920 1.487180
796 0.818071 1.003663 1.218560 1.409036 1.482296
797 0.822955 1.008547 1.213676 1.418804 1.482296
798 0.822955 1.003663 1.218560 1.409036 1.477412
799 0.822955 1.008547 1.213676 1.413920 1.482296
800 0.827839 1.008547 1.218560 1.409036 1.487180
801 0.822955 1.013431 1.213676 1.409036 1.482296
802 0.827839 1.008547 1.213676 1.409036 1.487180
803 0.822955 1.008547 1.213676 1.413920 1.482296
804 0.822955 1.008547 1.213676 1.409036 1.482296
805 0.822955 1.008547 1.213676 1.413920 1.487180
806 0.822955 1.013431 1.213676 1.409036 1.482296
807 0.818071 1.008547 1.218560 1.413920 1.482296
808 0.822955 1.003663 1.213676 1.413920 1.487180
809 0.827839 1.008547 1.213676 1.413920 1.487180
810 0.822955 1.003663 1.218560 1.413920 1.487180
811 0.822955 1.003663 1.218560 1.413920 1.487180
812 0.822955 1.008547 1.218560 1.418804 1.482296
813 0.822955 1.008547 1.218560 1.413920 1.487180
814 0.822955 1.008547 1.213676 1.418804 1.487180
815 0.822955 1.003663 1.223444 1.413920 1.487180
816 0.822955 1.008547 1.218560 1.409036 1.482296
817 0.822955 1.008547 1.218560 1.413920 1.487180
818 0.822955 1.008547 1.218560 1.413920 1.487180
819 0.822955 1.008547 1.213676 1.409036 1.482296
820 0.822955 1.008547 1.218560 1.413920 1.487180
821 0.818071 1.008547 1.218560 1.413920 1.487180
822 0.822955 1.008547 1.213676 1.413920 1.487180
823 0.822955 1.013431 1.223444 1.409036 1.487180
824 0.822955 1.008547 1.218560 1.409036 1.477412
825 0.827839 0.993895 1.223444 1.413920 1.487180
826 0.832723 1.018315 1.213676 1.413920 1.487180
827 0.822955 1.008547 1.218560 1.418804 1.482296
828 0.822955 1.008547 1.223444 1.413920 1.487180
829 0.822955 1.008547 1.218560 1.413920 1.482296
830 0.822955 1.003663 1.218560 1.418804 1.487180
831 0.822955 1.013431 1.218560 1.418804 1.482296
832 0.827839 1.008547 1.218560 1.413920 1.482296
833 0.822955 1.008547 1.213676 1.409036 1.482296
834 0.827839 1.003663 1.218560 1.413920 1.482296
835 0.822955 1.003663 1.218560 1.413920 1.487180
836 0.822955 1.008547 1.213676 1.413920 1.487180
837 0.822955 1.008547 1.223444 1.413920 1.487180
838 0.827839 1.008547 1.218560 1.413920 1.487180
839 0.813187 1.008547 1.218560 1.413920 1.487180
840 0.827839 1.008547 1.218560 1.418804 1.482296
841 0.822955 1.008547 1.218560 1.413920 1.482296
842 0.827839 1.013431 1.218560 1.413920 1.482296
843 0.822955 1.003663 1.218560 1.413920 1.482296
844 0.822955 1.008547 1.218560 1.413920 1.482296
845 0.827839 1.013431 1.218560 1.413920 1.482296
846 0.827839 1.013431 1.218560 1.413920 1.487180
