#1	30.000	1.123	208.600	0.000
0	0.000	0.000	0
1	4.475	26.025	0
2	15.440	16.303	0
3	15.979	15.890	0
4	16.519	15.477	0
5	17.062	15.064	0
6	17.556	14.698	0
7	18.102	14.285	0
8	18.548	13.964	0
9	18.996	13.643	0
10	19.291	13.459	0
11	19.586	13.276	0
12	19.883	13.092	0
13	20.000	12.863	0
14	20.000	12.726	0
15	20.000	12.588	0
16	20.000	12.496	0
17	20.000	12.405	0
18	20.000	12.313	0
19	20.000	12.084	0
20	20.000	12.038	0
21	20.000	11.946	0
22	20.000	11.992	0
23	20.000	11.808	0
24	20.000	11.808	0
25	20.000	11.808	0
26	20.000	11.533	0
27	20.000	11.579	0
28	19.996	11.671	0
29	20.000	11.487	0
30	19.996	11.579	0
31	20.000	11.579	0
32	20.000	11.487	0
33	20.000	11.533	0
34	19.945	11.671	0
35	20.000	11.533	0
36	20.000	11.533	0
37	19.945	11.671	0
38	20.000	11.671	0
39	20.000	11.579	0
40	19.944	11.717	0
41	19.991	11.763	0
42	20.000	11.717	0
43	19.892	11.900	0
44	19.989	11.900	0
45	20.000	11.900	0
46	19.891	12.084	0
47	19.987	12.084	0
48	19.981	12.175	0
49	20.000	12.129	0
50	19.993	12.221	0
51	19.985	12.313	0
52	19.771	12.588	0
53	19.968	12.496	0
54	19.959	12.588	0
55	20.000	12.634	0
56	20.000	12.680	0
57	19.835	12.909	0
58	19.876	12.955	0
59	19.864	13.047	0
60	19.852	13.138	0
61	19.943	13.138	0
62	19.827	13.322	0
63	19.865	13.368	0
64	19.852	13.459	0
65	19.786	13.597	0
66	19.668	13.780	0
67	19.703	13.826	0
68	19.739	13.872	0
69	19.516	14.147	0
70	19.550	14.193	0
71	19.686	14.147	0
72	19.565	14.331	0
73	19.288	14.652	0
74	19.371	14.652	0
75	19.402	14.698	0
76	19.329	14.835	0
77	19.256	14.973	0
78	19.234	15.064	0
79	19.159	15.202	0
80	19.136	15.294	0
81	18.905	15.569	0
82	18.983	15.569	0
83	18.906	15.706	0
84	18.828	15.844	0
85	18.749	15.982	0
86	18.670	16.119	0
87	18.589	16.257	0
88	18.612	16.303	0
89	18.324	16.624	0
90	18.293	16.715	0
91	18.364	16.715	0
92	18.178	16.945	0
93	18.145	17.036	0
94	18.111	17.128	0
95	18.026	17.266	0
96	17.888	17.449	0
97	17.852	17.541	0
98	17.713	17.724	0
99	17.572	17.908	0
100	17.586	17.954	0
101	17.444	18.137	0
102	17.198	18.412	0
103	17.158	18.504	0
104	17.271	18.458	0
105	17.023	18.733	0
106	16.878	18.917	0
107	16.886	18.962	0
108	16.739	19.146	0
109	16.539	19.375	0
110	16.493	19.467	0
111	16.343	19.650	0
112	16.296	19.742	0
113	16.144	19.926	0
114	16.044	20.063	0
115	15.839	20.292	0
116	15.788	20.384	0
117	15.736	20.476	0
118	15.633	20.613	0
119	15.425	20.843	0
120	15.268	21.026	0
121	15.162	21.164	0
122	15.158	21.210	0
123	14.895	21.485	0
124	14.889	21.531	0
125	14.677	21.760	0
126	14.618	21.852	0
127	14.455	22.035	0
128	14.343	22.173	0
129	14.231	22.310	0
130	14.066	22.494	0
131	13.951	22.631	0
132	13.887	22.723	0
133	13.669	22.952	0
134	13.500	23.136	0
135	13.382	23.273	0
136	13.212	23.457	0
137	13.144	23.548	0
138	12.920	23.778	0
139	12.851	23.869	0
140	12.729	24.007	0
141	12.555	24.190	0
142	12.534	24.236	0
143	12.307	24.466	0
144	12.182	24.603	0
145	12.005	24.787	0
146	11.826	24.970	0
147	11.750	25.062	0
148	11.725	25.108	0
149	11.493	25.337	0
150	11.312	25.520	0
151	11.129	25.704	0
152	11.049	25.795	0
153	10.917	25.933	0
154	10.784	26.071	0
155	10.495	26.346	0
156	10.464	26.392	0
157	10.328	26.529	0
158	10.192	26.667	0
159	10.107	26.758	0
160	9.918	26.942	0
161	9.624	27.217	0
162	9.588	27.263	0
163	9.396	27.446	0
164	9.255	27.584	0
165	9.165	27.676	0
166	8.971	27.859	0
167	8.879	27.951	0
168	8.683	28.134	0
169	8.538	28.272	0
170	8.341	28.455	0
171	8.298	28.501	0
172	8.151	28.639	0
173	7.952	28.822	0
174	7.855	28.914	0
175	7.706	29.051	0
176	7.556	29.189	0
177	7.458	29.281	0
178	7.306	29.418	0
179	7.258	29.464	0
180	7.054	29.648	0
181	6.901	29.785	0
182	6.799	29.877	0
183	6.748	29.923	0
184	6.646	30.015	0
185	6.542	30.106	0
186	6.387	30.244	0
187	6.385	30.244	0
188	6.229	30.381	0
189	6.176	30.427	0
190	6.122	30.473	0
191	6.016	30.565	0
192	5.910	30.657	0
193	5.906	30.657	0
194	5.851	30.702	0
195	5.796	30.748	0
196	5.740	30.794	0
197	5.787	30.748	0
198	5.732	30.794	0
199	5.676	30.840	0
200	5.723	30.794	0
201	5.667	30.840	0
202	5.662	30.840	0
203	5.658	30.840	0
204	5.705	30.794	0
205	5.752	30.748	0
206	5.748	30.748	0
207	5.796	30.702	0
208	5.844	30.657	0
209	5.943	30.565	0
210	5.940	30.565	0
211	6.041	30.473	0
212	6.090	30.427	0
213	6.139	30.381	0
214	6.188	30.336	0
215	6.290	30.244	0
216	6.392	30.152	0
217	6.494	30.060	0
218	6.597	29.969	0
219	6.701	29.877	0
220	6.805	29.785	0
221	6.961	29.648	0
222	7.066	29.556	0
223	7.223	29.418	0
224	7.329	29.327	0
225	7.436	29.235	0
226	7.595	29.097	0
227	7.703	29.006	0
228	7.915	28.822	0
229	8.128	28.639	0
230	8.135	28.639	0
231	8.246	28.547	0
232	8.512	28.318	0
233	8.676	28.180	0
234	8.737	28.134	0
235	8.902	27.997	0
236	9.016	27.905	0
237	9.182	27.767	0
238	9.298	27.676	0
239	9.413	27.584	0
240	9.530	27.492	0
241	9.646	27.401	0
242	9.712	27.355	0
243	9.829	27.263	0
244	9.999	27.125	0
245	10.221	26.942	0
246	10.134	27.034	0
247	10.202	26.988	0
248	10.321	26.896	0
249	10.441	26.804	0
250	10.562	26.713	0
251	10.579	26.713	0
252	10.649	26.667	0
253	10.718	26.621	0
254	10.788	26.575	0
255	10.910	26.483	0
256	10.877	26.529	0
257	10.999	26.438	0
258	11.070	26.392	0
259	11.141	26.346	0
260	11.109	26.392	0
261	11.283	26.254	0
262	11.200	26.346	0
263	11.323	26.254	0
264	11.343	26.254	0
265	11.312	26.300	0
266	11.383	26.254	0
267	11.403	26.254	0
268	11.424	26.254	0
269	11.444	26.254	0
270	11.464	26.254	0
271	11.536	26.208	0
272	11.505	26.254	0
273	11.576	26.208	0
274	11.597	26.208	0
275	11.514	26.300	0
276	11.585	26.254	0
277	11.606	26.254	0
278	11.574	26.300	0
279	11.542	26.346	0
280	11.562	26.346	0
281	11.582	26.346	0
282	11.653	26.300	0
283	11.518	26.438	0
284	11.537	26.438	0
285	11.556	26.438	0
286	11.524	26.483	0
287	11.491	26.529	0
288	11.510	26.529	0
289	11.477	26.575	0
290	11.547	26.529	0
291	11.514	26.575	0
292	11.481	26.621	0
293	11.396	26.713	0
294	11.310	26.804	0
295	11.431	26.713	0
296	11.294	26.850	0
297	11.259	26.896	0
298	11.173	26.988	0
299	11.240	26.942	0
300	11.205	26.988	0
301	11.170	27.034	0
302	11.031	27.171	0
303	10.995	27.217	0
304	11.010	27.217	0
305	10.870	27.355	0
306	10.884	27.355	0
307	10.795	27.446	0
308	10.705	27.538	0
309	10.615	27.630	0
310	10.731	27.538	0
311	10.590	27.676	0
312	10.602	27.676	0
313	10.408	27.859	0
314	10.420	27.859	0
315	10.328	27.951	0
316	10.236	28.043	0
317	10.298	27.997	0
318	10.154	28.134	0
319	10.061	28.226	0
320	10.019	28.272	0
321	9.976	28.318	0
322	9.882	28.409	0
323	9.839	28.455	0
324	9.744	28.547	0
325	9.700	28.593	0
326	9.501	28.776	0
327	9.560	28.731	0
328	9.515	28.776	0
329	9.418	28.868	0
330	9.321	28.960	0
331	9.327	28.960	0
332	9.177	29.097	0
333	9.079	29.189	0
334	9.032	29.235	0
335	8.984	29.281	0
336	8.936	29.327	0
337	8.682	29.556	0
338	8.684	29.556	0
339	8.635	29.602	0
340	8.482	29.739	0
341	8.432	29.785	0
342	8.330	29.877	0
343	8.228	29.969	0
344	8.228	29.969	0
345	8.176	30.015	0
346	8.073	30.106	0
347	8.072	30.106	0
348	8.020	30.152	0
349	7.916	30.244	0
350	7.811	30.336	0
351	7.758	30.381	0
352	7.653	30.473	0
353	7.650	30.473	0
354	7.544	30.565	0
355	7.541	30.565	0
356	7.487	30.611	0
357	7.483	30.611	0
358	7.377	30.702	0
359	7.322	30.748	0
360	7.317	30.748	0
361	7.262	30.794	0
362	7.257	30.794	0
363	7.202	30.840	0
364	7.094	30.932	0
365	7.089	30.932	0
366	7.135	30.886	0
367	7.079	30.932	0
368	7.022	30.978	0
369	7.120	30.886	0
370	7.012	30.978	0
371	7.007	30.978	0
372	7.002	30.978	0
373	7.048	30.932	0
374	6.940	31.023	0
375	6.986	30.978	0
376	6.981	30.978	0
377	7.027	30.932	0
378	6.971	30.978	0
379	6.965	30.978	0
380	7.012	30.932	0
381	7.058	30.886	0
382	7.105	30.840	0
383	7.101	30.840	0
384	7.199	30.748	0
385	7.144	30.794	0
386	7.243	30.702	0
387	7.239	30.702	0
388	7.390	30.565	0
389	7.387	30.565	0
390	7.384	30.565	0
391	7.432	30.519	0
392	7.585	30.381	0
393	7.582	30.381	0
394	7.632	30.336	0
395	7.630	30.336	0
396	7.783	30.198	0
397	7.782	30.198	0
398	7.988	30.015	0
399	7.988	30.015	0
400	8.039	29.969	0
401	8.091	29.923	0
402	8.246	29.785	0
403	8.247	29.785	0
404	8.352	29.694	0
405	8.405	29.648	0
406	8.459	29.602	0
407	8.616	29.464	0
408	8.618	29.464	0
409	8.725	29.372	0
410	8.780	29.327	0
411	8.835	29.281	0
412	8.942	29.189	0
413	8.998	29.143	0
414	9.157	29.006	0
415	9.111	29.051	0
416	9.219	28.960	0
417	9.173	29.006	0
418	9.334	28.868	0
419	9.340	28.868	0
420	9.346	28.868	0
421	9.507	28.731	0
422	9.514	28.731	0
423	9.572	28.685	0
424	9.631	28.639	0
425	9.690	28.593	0
426	9.646	28.639	0
427	9.756	28.547	0
428	9.816	28.501	0
429	9.824	28.501	0
430	9.884	28.455	0
431	9.892	28.455	0
432	10.003	28.364	0
433	10.012	28.364	0
434	10.021	28.364	0
435	10.030	28.364	0
436	10.039	28.364	0
437	10.099	28.318	0
438	10.160	28.272	0
439	10.169	28.272	0
440	10.178	28.272	0
441	10.239	28.226	0
442	10.197	28.272	0
443	10.258	28.226	0
444	10.268	28.226	0
445	10.329	28.180	0
446	10.287	28.226	0
447	10.297	28.226	0
448	10.358	28.180	0
449	10.316	28.226	0
450	10.274	28.272	0
451	10.283	28.272	0
452	10.344	28.226	0
453	10.354	28.226	0
454	10.312	28.272	0
455	10.321	28.272	0
456	10.330	28.272	0
457	10.288	28.318	0
458	10.194	28.409	0
459	10.254	28.364	0
460	10.211	28.409	0
461	10.271	28.364	0
462	10.177	28.455	0
463	10.237	28.409	0
464	10.194	28.455	0
465	10.202	28.455	0
466	10.107	28.547	0
467	10.166	28.501	0
468	10.020	28.639	0
469	10.079	28.593	0
470	9.983	28.685	0
471	9.990	28.685	0
472	9.997	28.685	0
473	9.849	28.822	0
474	9.856	28.822	0
475	9.759	28.914	0
476	9.816	28.868	0
477	9.719	28.960	0
478	9.725	28.960	0
479	9.679	29.006	0
480	9.632	29.051	0
481	9.586	29.097	0
482	9.487	29.189	0
483	9.440	29.235	0
484	9.496	29.189	0
485	9.397	29.281	0
486	9.298	29.372	0
487	9.198	29.464	0
488	9.252	29.418	0
489	9.204	29.464	0
490	9.155	29.510	0
491	9.106	29.556	0
492	9.109	29.556	0
493	9.059	29.602	0
494	8.958	29.694	0
495	8.805	29.831	0
496	8.806	29.831	0
497	8.755	29.877	0
498	8.704	29.923	0
499	8.705	29.923	0
500	8.653	29.969	0
501	8.499	30.106	0
502	8.498	30.106	0
503	8.394	30.198	0
504	8.342	30.244	0
505	8.340	30.244	0
506	8.287	30.290	0
507	8.234	30.336	0
508	8.181	30.381	0
509	8.024	30.519	0
510	8.073	30.473	0
511	7.915	30.611	0
512	7.964	30.565	0
513	7.857	30.657	0
514	7.802	30.702	0
515	7.798	30.702	0
516	7.949	30.565	0
517	7.740	30.748	0
518	7.684	30.794	0
519	7.628	30.840	0
520	7.624	30.840	0
521	7.619	30.840	0
522	7.563	30.886	0
523	7.558	30.886	0
524	7.450	30.978	0
525	7.445	30.978	0
526	7.440	30.978	0
527	7.331	31.069	0
528	7.377	31.023	0
529	7.320	31.069	0
530	7.314	31.069	0
531	7.360	31.023	0
532	7.251	31.115	0
533	7.297	31.069	0
534	7.343	31.023	0
535	7.337	31.023	0
536	7.280	31.069	0
537	7.223	31.115	0
538	7.320	31.023	0
539	7.366	30.978	0
540	7.361	30.978	0
541	7.304	31.023	0
542	7.350	30.978	0
543	7.397	30.932	0
544	7.392	30.932	0
545	7.490	30.840	0
546	7.485	30.840	0
547	7.532	30.794	0
548	7.528	30.794	0
549	7.575	30.748	0
550	7.623	30.702	0
551	7.671	30.657	0
552	7.719	30.611	0
553	7.716	30.611	0
554	7.816	30.519	0
555	7.761	30.565	0
556	7.861	30.473	0
557	7.910	30.427	0
558	7.960	30.381	0
559	8.061	30.290	0
560	8.111	30.244	0
561	8.161	30.198	0
562	8.160	30.198	0
563	8.262	30.106	0
564	8.314	30.060	0
565	8.365	30.015	0
566	8.468	29.923	0
567	8.468	29.923	0
568	8.572	29.831	0
569	8.573	29.831	0
570	8.677	29.739	0
571	8.679	29.739	0
572	8.732	29.694	0
573	8.888	29.556	0
574	8.839	29.602	0
575	8.893	29.556	0
576	8.947	29.510	0
577	8.949	29.510	0
578	9.055	29.418	0
579	9.110	29.372	0
580	9.113	29.372	0
581	9.220	29.281	0
582	9.172	29.327	0
583	9.331	29.189	0
584	9.283	29.235	0
585	9.339	29.189	0
586	9.447	29.097	0
587	9.452	29.097	0
588	9.457	29.097	0
589	9.461	29.097	0
590	9.518	29.051	0
591	9.523	29.051	0
592	9.580	29.006	0
593	9.585	29.006	0
594	9.642	28.960	0
595	9.596	29.006	0
596	9.705	28.914	0
597	9.710	28.914	0
598	9.716	28.914	0
599	9.774	28.868	0
600	9.780	28.868	0
601	9.838	28.822	0
602	9.792	28.868	0
603	9.798	28.868	0
604	9.804	28.868	0
605	9.811	28.868	0
606	9.868	28.822	0
607	9.875	28.822	0
608	9.829	28.868	0
609	9.835	28.868	0
610	9.842	28.868	0
611	9.899	28.822	0
612	9.854	28.868	0
613	9.912	28.822	0
614	9.815	28.914	0
615	9.821	28.914	0
616	9.827	28.914	0
617	9.884	28.868	0
618	9.890	28.868	0
619	9.793	28.960	0
620	9.747	29.006	0
621	9.752	29.006	0
622	9.706	29.051	0
623	9.711	29.051	0
624	9.665	29.097	0
625	9.669	29.097	0
626	9.674	29.097	0
627	9.679	29.097	0
628	9.632	29.143	0
629	9.585	29.189	0
630	9.538	29.235	0
631	9.542	29.235	0
632	9.546	29.235	0
633	9.447	29.327	0
634	9.399	29.372	0
635	9.351	29.418	0
636	9.354	29.418	0
637	9.357	29.418	0
638	9.205	29.556	0
639	9.260	29.510	0
640	9.159	29.602	0
641	9.213	29.556	0
642	9.163	29.602	0
643	9.166	29.602	0
644	9.064	29.694	0
645	9.015	29.739	0
646	9.068	29.694	0
647	9.018	29.739	0
648	8.864	29.877	0
649	8.865	29.877	0
650	8.865	29.877	0
651	8.918	29.831	0
652	8.815	29.923	0
653	8.661	30.060	0
654	8.712	30.015	0
655	8.609	30.106	0
656	8.660	30.060	0
657	8.556	30.152	0
658	8.504	30.198	0
659	8.554	30.152	0
660	8.399	30.290	0
661	8.397	30.290	0
662	8.292	30.381	0
663	8.290	30.381	0
664	8.288	30.381	0
665	8.183	30.473	0
666	8.180	30.473	0
667	8.126	30.519	0
668	8.124	30.519	0
669	8.121	30.519	0
670	8.066	30.565	0
671	8.012	30.611	0
672	7.957	30.657	0
673	8.005	30.611	0
674	7.847	30.748	0
675	7.894	30.702	0
676	7.890	30.702	0
677	7.835	30.748	0
678	7.831	30.748	0
679	7.879	30.702	0
680	7.772	30.794	0
681	7.716	30.840	0
682	7.763	30.794	0
683	7.707	30.840	0
684	7.702	30.840	0
685	7.698	30.840	0
686	7.642	30.886	0
687	7.689	30.840	0
688	7.632	30.886	0
689	7.628	30.886	0
690	7.623	30.886	0
691	7.670	30.840	0
692	7.614	30.886	0
693	7.660	30.840	0
694	7.604	30.886	0
695	7.651	30.840	0
696	7.647	30.840	0
697	7.539	30.932	0
698	7.585	30.886	0
699	7.581	30.886	0
700	7.576	30.886	0
701	7.571	30.886	0
702	7.566	30.886	0
703	7.613	30.840	0
704	7.609	30.840	0
705	7.604	30.840	0
706	7.548	30.886	0
707	7.698	30.748	0
708	7.642	30.794	0
709	7.690	30.748	0
710	7.686	30.748	0
711	7.733	30.702	0
712	7.781	30.657	0
713	7.778	30.657	0
714	7.826	30.611	0
715	7.874	30.565	0
716	7.871	30.565	0
717	7.816	30.611	0
718	7.916	30.519	0
719	7.965	30.473	0
720	7.963	30.473	0
721	7.960	30.473	0
722	8.061	30.381	0
723	8.110	30.336	0
724	8.109	30.336	0
725	8.158	30.290	0
726	8.208	30.244	0
727	8.207	30.244	0
728	8.258	30.198	0
729	8.308	30.152	0
730	8.307	30.152	0
731	8.410	30.060	0
732	8.461	30.015	0
733	8.409	30.060	0
734	8.512	29.969	0
735	8.512	29.969	0
736	8.513	29.969	0
737	8.668	29.831	0
738	8.668	29.831	0
739	8.669	29.831	0
740	8.774	29.739	0
741	8.723	29.785	0
742	8.828	29.694	0
743	8.881	29.648	0
744	8.883	29.648	0
745	8.885	29.648	0
746	8.835	29.694	0
747	8.940	29.602	0
748	9.045	29.510	0
749	9.151	29.418	0
750	9.154	29.418	0
751	9.157	29.418	0
752	9.161	29.418	0
753	9.267	29.327	0
754	9.219	29.372	0
755	9.222	29.372	0
756	9.277	29.327	0
757	9.229	29.372	0
758	9.284	29.327	0
759	9.391	29.235	0
760	9.344	29.281	0
761	9.348	29.281	0
762	9.403	29.235	0
763	9.407	29.235	0
764	9.463	29.189	0
765	9.416	29.235	0
766	9.523	29.143	0
767	9.476	29.189	0
768	9.532	29.143	0
769	9.485	29.189	0
770	9.489	29.189	0
771	9.442	29.235	0
772	9.550	29.143	0
773	9.502	29.189	0
774	9.507	29.189	0
775	9.511	29.189	0
776	9.567	29.143	0
777	9.623	29.097	0
778	9.577	29.143	0
779	9.581	29.143	0
780	9.638	29.097	0
781	9.539	29.189	0
782	9.543	29.189	0
783	9.548	29.189	0
784	9.449	29.281	0
785	9.556	29.189	0
786	9.560	29.189	0
787	9.513	29.235	0
788	9.517	29.235	0
789	9.470	29.281	0
790	9.422	29.327	0
791	9.477	29.281	0
792	9.378	29.372	0
793	9.381	29.372	0
794	9.436	29.327	0
795	9.388	29.372	0
796	9.392	29.372	0
797	9.343	29.418	0
798	9.243	29.510	0
799	9.298	29.464	0
800	9.300	29.464	0
801	9.149	29.602	0
802	9.254	29.510	0
803	9.308	29.464	0
804	9.156	29.602	0
805	9.107	29.648	0
806	9.160	29.602	0
807	9.111	29.648	1
808	9.061	29.694	1
809	9.063	29.694	1
810	9.013	29.739	1
811	8.962	29.785	1
812	8.757	29.969	1
813	8.602	30.106	1
814	8.499	30.198	1
815	8.291	30.381	1
816	8.186	30.473	1
817	8.132	30.519	1
818	7.974	30.657	1
819	7.815	30.794	1
820	7.708	30.886	1
821	7.600	30.978	1
822	7.388	31.161	1
823	7.227	31.299	1
824	7.117	31.390	1
825	7.006	31.482	1
826	6.895	31.574	1
827	6.835	31.620	1
828	6.671	31.757	1
829	6.558	31.849	1
830	6.445	31.941	1
831	6.332	32.032	1
832	6.217	32.124	1
833	6.206	32.124	1
834	6.091	32.216	1
835	6.028	32.262	1
836	5.964	32.308	1
837	5.952	32.308	1
838	5.784	32.445	1
839	5.771	32.445	1
840	5.706	32.491	1
841	5.641	32.537	1
842	5.576	32.583	1
843	5.562	32.583	1
844	5.548	32.583	1
845	5.534	32.583	1
846	5.469	32.629	1
847	5.558	32.537	1
848	5.493	32.583	1
849	5.479	32.583	1
850	5.516	32.537	1
851	5.503	32.537	1
852	5.541	32.491	1
853	5.630	32.399	1
854	5.721	32.308	1
855	5.708	32.308	1
856	5.748	32.262	1
857	5.994	32.032	1
858	5.879	32.124	1
859	6.023	31.986	1
860	6.115	31.895	1
861	6.157	31.849	1
862	6.250	31.757	1
863	6.447	31.574	1
864	6.490	31.528	1
865	6.585	31.436	1
866	6.732	31.299	1
867	6.880	31.161	1
868	6.977	31.069	1
869	7.126	30.932	1
870	7.276	30.794	1
871	7.427	30.657	1
872	7.527	30.565	1
873	7.678	30.427	1
874	7.831	30.290	1
875	8.036	30.106	1
876	8.087	30.060	1
877	8.242	29.923	1
878	8.397	29.785	1
879	8.553	29.648	1
880	8.606	29.602	1
881	8.763	29.464	1
882	8.921	29.327	1
883	9.028	29.235	1
884	9.084	29.189	1
885	9.295	29.006	1
886	9.403	28.914	1
887	9.409	28.914	1
888	9.518	28.822	1
889	9.628	28.731	1
890	9.635	28.731	1
891	9.693	28.685	1
892	9.752	28.639	1
893	9.862	28.547	1
894	9.973	28.455	1
895	9.982	28.455	1
896	10.042	28.409	1
897	10.102	28.364	1
898	10.059	28.409	1
899	10.171	28.318	1
900	10.231	28.272	1
901	10.241	28.272	1
902	10.302	28.226	1
903	10.208	28.318	1
904	10.269	28.272	1
905	10.278	28.272	1
906	10.132	28.409	1
907	10.296	28.272	1
908	10.254	28.318	1
909	10.211	28.364	1
910	10.168	28.409	1
911	10.177	28.409	1
912	10.237	28.364	1
913	10.142	28.455	1
914	10.202	28.409	1
915	10.159	28.455	1
916	10.064	28.547	1
917	9.917	28.685	1
918	10.028	28.593	1
919	10.035	28.593	1
920	9.836	28.776	1
921	9.843	28.776	1
922	9.798	28.822	1
923	9.804	28.822	1
924	9.656	28.960	1
925	9.610	29.006	1
926	9.615	29.006	1
927	9.466	29.143	1
928	9.418	29.189	1
929	9.371	29.235	1
930	9.221	29.372	1
931	9.224	29.372	1
932	9.176	29.418	1
933	9.127	29.464	1
934	8.975	29.602	1
935	8.926	29.648	1
936	8.876	29.694	1
937	8.723	29.831	1
938	8.724	29.831	1
939	8.570	29.969	1
940	8.467	30.060	1
941	8.415	30.106	1
942	8.362	30.152	1
943	8.310	30.198	1
944	8.154	30.336	1
945	8.101	30.381	1
946	7.995	30.473	1
947	7.890	30.565	1
948	7.835	30.611	1
949	7.780	30.657	1
950	7.673	30.748	1
951	7.514	30.886	1
952	7.509	30.886	1
953	7.402	30.978	1
954	7.345	31.023	1
955	7.236	31.115	1
956	7.127	31.207	1
957	7.068	31.253	1
958	6.958	31.345	1
959	6.900	31.390	1
960	6.892	31.390	1
961	6.833	31.436	1
962	6.774	31.482	1
963	6.714	31.528	1
964	6.654	31.574	1
965	6.646	31.574	1
966	6.586	31.620	1
967	6.577	31.620	1
968	6.465	31.711	1
969	6.456	31.711	1
970	6.447	31.711	1
971	6.437	31.711	1
972	6.377	31.757	1
973	6.367	31.757	1
974	6.512	31.620	1
975	6.400	31.711	1
976	6.443	31.665	1
977	6.486	31.620	1
978	6.477	31.620	1
979	6.417	31.665	1
980	6.459	31.620	1
981	6.554	31.528	1
982	6.597	31.482	1
983	6.537	31.528	1
984	6.684	31.390	1
985	6.625	31.436	1
986	6.617	31.436	1
987	6.764	31.299	1
988	6.757	31.299	1
989	6.905	31.161	1
990	6.847	31.207	1
991	7.047	31.023	1
992	7.094	30.978	1
993	7.140	30.932	1
994	7.238	30.840	1
995	7.337	30.748	1
996	7.384	30.702	1
997	7.484	30.611	1
998	7.584	30.519	1
999	7.633	30.473	1
1000	7.733	30.381	1
1001	7.835	30.290	1
1002	7.936	30.198	1
1003	7.987	30.152	1
1004	8.038	30.106	1
1005	8.192	29.969	1
1006	8.295	29.877	1
1007	8.348	29.831	1
1008	8.452	29.739	1
1009	8.453	29.739	1
1010	8.403	29.785	1
1011	8.611	29.602	1
1012	8.716	29.510	1
1013	8.770	29.464	1
1014	8.825	29.418	1
1015	8.880	29.372	1
1016	8.986	29.281	1
1017	9.093	29.189	1
1018	9.098	29.189	1
1019	9.102	29.189	1
1020	9.158	29.143	1
1021	9.266	29.051	1
1022	9.271	29.051	1
1023	9.328	29.006	1
1024	9.333	29.006	1
1025	9.390	28.960	1
1026	9.447	28.914	1
1027	9.401	28.960	1
1028	9.355	29.006	1
1029	9.412	28.960	1
1030	9.521	28.868	1
1031	9.373	29.006	1
1032	9.533	28.868	1
1033	9.487	28.914	1
1034	9.493	28.914	1
1035	9.447	28.960	1
1036	9.453	28.960	1
1037	9.407	29.006	1
1038	9.464	28.960	1
1039	9.418	29.006	1
1040	9.372	29.051	1
1041	9.428	29.006	1
1042	9.279	29.143	1
1043	9.283	29.143	1
1044	9.288	29.143	1
1045	9.189	29.235	1
1046	9.245	29.189	1
1047	9.198	29.235	1
1048	9.047	29.372	1
1049	9.154	29.281	1
1050	9.054	29.372	1
1051	9.006	29.418	1
1052	8.906	29.510	1
1053	8.857	29.556	1
1054	8.756	29.648	1
1055	8.758	29.648	1
1056	8.708	29.694	1
1057	8.607	29.785	1
1058	8.608	29.785	1
1059	8.506	29.877	1
1060	8.403	29.969	1
1061	8.352	30.015	1
1062	8.248	30.106	1
1063	8.248	30.106	1
1064	8.144	30.198	1
1065	8.091	30.244	1
1066	8.038	30.290	1
1067	8.037	30.290	1
1068	7.829	30.473	1
1069	7.775	30.519	1
1070	7.823	30.473	1
1071	7.718	30.565	1
1072	7.663	30.611	1
1073	7.608	30.657	1
1074	7.553	30.702	1
1075	7.498	30.748	1
1076	7.390	30.840	1
1077	7.386	30.840	1
1078	7.278	30.932	1
1079	7.273	30.932	1
1080	7.165	31.023	1
1081	7.159	31.023	1
1082	7.102	31.069	1
1083	7.045	31.115	1
1084	6.987	31.161	1
1085	6.981	31.161	1
1086	6.923	31.207	1
1087	6.865	31.253	1
1088	6.858	31.253	1
1089	6.851	31.253	1
1090	6.793	31.299	1
1091	6.786	31.299	1
1092	6.727	31.345	1
1093	6.772	31.299	1
1094	6.765	31.299	1
1095	6.758	31.299	1
1096	6.751	31.299	1
1097	6.744	31.299	1
1098	6.737	31.299	1
1099	6.730	31.299	1
1100	6.774	31.253	1
1101	6.716	31.299	1
1102	6.761	31.253	1
1103	6.754	31.253	1
1104	6.799	31.207	1
1105	6.947	31.069	1
1106	6.890	31.115	1
1107	6.935	31.069	1
1108	6.930	31.069	1
1109	7.027	30.978	1
1110	7.022	30.978	1
1111	7.017	30.978	1
1112	7.115	30.886	1
1113	7.110	30.886	1
1114	7.208	30.794	1
1115	7.256	30.748	1
1116	7.355	30.657	1
1117	7.403	30.611	1
1118	7.400	30.611	1
1119	7.500	30.519	1
1120	7.600	30.427	1
1121	7.649	30.381	1
1122	7.699	30.336	1
1123	7.852	30.198	1
1124	7.851	30.198	1
1125	7.953	30.106	1
1126	8.056	30.015	1
1127	8.159	29.923	1
1128	8.159	29.923	1
1129	8.160	29.923	1
1130	8.315	29.785	1
1131	8.420	29.694	1
1132	8.370	29.739	1
1133	8.474	29.648	1
1134	8.476	29.648	1
1135	8.633	29.510	1
1136	8.687	29.464	1
1137	8.690	29.464	1
1138	8.744	29.418	1
1139	8.851	29.327	1
1140	8.958	29.235	1
1141	8.910	29.281	1
1142	8.914	29.281	1
1143	8.970	29.235	1
1144	9.025	29.189	1
1145	9.030	29.189	1
1146	8.982	29.235	1
1147	9.141	29.097	1
1148	9.095	29.143	1
1149	9.151	29.097	1
1150	9.207	29.051	1
1151	9.213	29.051	1
1152	9.218	29.051	1
1153	9.274	29.006	1
1154	9.228	29.051	1
1155	9.233	29.051	1
1156	9.187	29.097	1
1157	9.191	29.097	1
1158	9.196	29.097	1
1159	9.201	29.097	1
1160	9.154	29.143	1
1161	9.107	29.189	1
1162	9.060	29.235	1
1163	9.116	29.189	1
1164	9.224	29.097	1
1165	9.074	29.235	1
1166	9.026	29.281	1
1167	9.030	29.281	1
1168	8.931	29.372	1
1169	8.986	29.327	1
1170	8.834	29.464	1
1171	8.837	29.464	1
1172	8.840	29.464	1
1173	8.740	29.556	1
1174	8.742	29.556	1
1175	8.693	29.602	1
1176	8.643	29.648	1
1177	8.594	29.694	1
1178	8.595	29.694	1
1179	8.545	29.739	1
1180	8.444	29.831	1
1181	8.393	29.877	1
1182	8.393	29.877	1
1183	8.342	29.923	1
1184	8.188	30.060	1
1185	8.136	30.106	1
1186	8.135	30.106	1
1187	8.032	30.198	1
1188	7.979	30.244	1
1189	7.978	30.244	1
1190	7.925	30.290	1
1191	7.820	30.381	1
1192	7.715	30.473	1
1193	7.660	30.519	1
1194	7.658	30.519	1
1195	7.603	30.565	1
1196	7.497	30.657	1
1197	7.493	30.657	1
1198	7.438	30.702	1
1199	7.383	30.748	1
1200	7.379	30.748	1
1201	7.272	30.840	1
1202	7.215	30.886	1
1203	7.211	30.886	1
1204	7.154	30.932	1
1205	7.149	30.932	1
1206	7.144	30.932	1
1207	7.036	31.023	1
1208	6.979	31.069	1
1209	6.973	31.069	1
1210	6.967	31.069	1
1211	6.962	31.069	1
1212	6.853	31.161	1
1213	6.898	31.115	1
1214	6.892	31.115	1
1215	6.886	31.115	1
1216	6.828	31.161	1
1217	6.874	31.115	1
1218	6.816	31.161	1
1219	6.810	31.161	1
1220	6.855	31.115	1
1221	6.901	31.069	1
1222	6.843	31.115	1
1223	6.889	31.069	1
1224	6.935	31.023	1
1225	6.878	31.069	1
1226	6.924	31.023	1
1227	6.970	30.978	1
1228	6.965	30.978	1
1229	6.959	30.978	1
1230	7.057	30.886	1
1231	7.104	30.840	1
1232	7.100	30.840	1
1233	7.095	30.840	1
1234	7.194	30.748	1
1235	7.190	30.748	1
1236	7.237	30.702	1
1237	7.337	30.611	1
1238	7.385	30.565	1
1239	7.434	30.519	1
1240	7.482	30.473	1
1241	7.532	30.427	1
1242	7.581	30.381	1
1243	7.682	30.290	1
1244	7.681	30.290	1
1245	7.834	30.152	1
1246	7.833	30.152	1
1247	8.039	29.969	1
1248	7.987	30.015	1
1249	8.039	29.969	1
1250	8.091	29.923	1
1251	8.194	29.831	1
1252	8.195	29.831	1
1253	8.351	29.694	1
1254	8.404	29.648	1
1255	8.458	29.602	1
1256	8.460	29.602	1
1257	8.565	29.510	1
1258	8.723	29.372	1
1259	8.623	29.464	1
1260	8.729	29.372	1
1261	8.732	29.372	1
1262	8.736	29.372	1
1263	8.894	29.235	1
1264	8.847	29.281	1
1265	8.954	29.189	1
1266	8.958	29.189	1
1267	8.911	29.235	1
1268	8.966	29.189	1
1269	8.971	29.189	1
1270	9.027	29.143	1
1271	9.083	29.097	1
1272	9.036	29.143	1
1273	8.989	29.189	1
1274	9.045	29.143	1
1275	8.998	29.189	1
1276	9.003	29.189	1
1277	9.110	29.097	1
1278	9.115	29.097	1
1279	9.068	29.143	1
1280	9.073	29.143	1
1281	9.026	29.189	1
1282	9.030	29.189	1
1283	8.983	29.235	1
1284	9.142	29.097	1
1285	8.940	29.281	1
1286	8.944	29.281	1
1287	8.897	29.327	1
1288	8.900	29.327	1
1289	8.852	29.372	1
1290	8.856	29.372	1
1291	8.756	29.464	1
1292	8.759	29.464	1
1293	8.761	29.464	1
1294	8.816	29.418	1
1295	8.664	29.556	1
1296	8.615	29.602	1
1297	8.617	29.602	1
1298	8.516	29.694	1
1299	8.518	29.694	1
1300	8.519	29.694	1
1301	8.418	29.785	1
1302	8.367	29.831	1
1303	8.317	29.877	1
1304	8.317	29.877	1
1305	8.163	30.015	1
1306	8.215	29.969	1
1307	8.112	30.060	1
1308	8.111	30.060	1
1309	8.162	30.015	1
1310	8.008	30.152	1
1311	8.007	30.152	1
1312	7.851	30.290	1
1313	7.849	30.290	1
1314	7.745	30.381	1
1315	7.743	30.381	1
1316	7.637	30.473	1
1317	7.583	30.519	1
1318	7.477	30.611	1
1319	7.525	30.565	1
1320	7.471	30.611	1
1321	7.416	30.657	1
1322	7.412	30.657	1
1323	7.357	30.702	1
1324	7.250	30.794	1
1325	7.194	30.840	1
1326	7.190	30.840	1
1327	7.237	30.794	1
1328	7.129	30.886	1
1329	7.124	30.886	1
1330	7.068	30.932	1
1331	7.063	30.932	1
1332	7.006	30.978	1
1333	7.001	30.978	1
1334	6.996	30.978	1
1335	6.991	30.978	1
1336	6.985	30.978	1
1337	6.928	31.023	1
1338	7.026	30.932	1
1339	6.970	30.978	1
1340	6.913	31.023	1
1341	6.907	31.023	1
1342	6.902	31.023	1
1343	6.896	31.023	1
1344	6.994	30.932	1
1345	6.937	30.978	1
1346	6.984	30.932	1
1347	6.979	30.932	1
1348	7.025	30.886	1
1349	6.969	30.932	1
1350	7.067	30.840	1
1351	7.011	30.886	1
1352	7.109	30.794	1
1353	7.054	30.840	1
1354	7.152	30.748	1
1355	7.097	30.794	1
1356	7.247	30.657	1
1357	7.244	30.657	1
1358	7.292	30.611	1
1359	7.340	30.565	1
1360	7.389	30.519	1
1361	7.437	30.473	1
1362	7.487	30.427	1
1363	7.536	30.381	1
1364	7.637	30.290	1
1365	7.687	30.244	1
1366	7.737	30.198	1
1367	7.788	30.152	1
1368	7.890	30.060	1
1369	7.890	30.060	1
1370	7.993	29.969	1
1371	8.045	29.923	1
1372	8.045	29.923	1
1373	8.097	29.877	1
1374	8.150	29.831	1
1375	8.254	29.739	1
1376	8.255	29.739	1
1377	8.360	29.648	1
1378	8.413	29.602	1
1379	8.415	29.602	1
1380	8.469	29.556	1
1381	8.472	29.556	1
1382	8.577	29.464	1
1383	8.683	29.372	1
1384	8.635	29.418	1
1385	8.690	29.372	1
1386	8.797	29.281	1
1387	8.852	29.235	1
1388	8.753	29.327	1
1389	8.860	29.235	1
1390	8.864	29.235	1
1391	8.868	29.235	1
1392	8.975	29.143	1
1393	8.877	29.235	1
1394	8.932	29.189	1
1395	8.937	29.189	1
1396	8.993	29.143	1
1397	8.997	29.143	1
1398	9.002	29.143	1
1399	9.007	29.143	1
1400	8.908	29.235	1
1401	8.912	29.235	1
1402	9.020	29.143	1
1403	9.127	29.051	1
1404	8.978	29.189	1
1405	8.982	29.189	1
1406	8.935	29.235	1
1407	8.887	29.281	1
1408	8.994	29.189	1
1409	8.792	29.372	1
1410	8.796	29.372	1
1411	8.799	29.372	1
1412	8.802	29.372	1
1413	8.806	29.372	1
1414	8.809	29.372	1
1415	8.761	29.418	1
1416	8.764	29.418	1
1417	8.664	29.510	1
1418	8.615	29.556	1
1419	8.669	29.510	1
1420	8.620	29.556	1
1421	8.519	29.648	1
1422	8.469	29.694	1
1423	8.419	29.739	1
1424	8.421	29.739	1
1425	8.319	29.831	1
1426	8.268	29.877	1
1427	8.217	29.923	1
1428	8.218	29.923	1
1429	8.218	29.923	1
1430	8.218	29.923	1
1431	8.012	30.106	1
1432	8.063	30.060	1
1433	7.960	30.152	1
1434	7.959	30.152	1
1435	7.907	30.198	1
1436	7.906	30.198	1
1437	7.853	30.244	1
1438	7.800	30.290	1
1439	7.695	30.381	1
1440	7.693	30.381	1
1441	7.639	30.427	1
1442	7.585	30.473	1
1443	7.480	30.565	1
1444	7.477	30.565	1
1445	7.422	30.611	1
1446	7.419	30.611	1
1447	7.312	30.702	1
1448	7.412	30.611	1
1449	7.305	30.702	1
1450	7.301	30.702	1
1451	7.194	30.794	1
1452	7.138	30.840	1
1453	7.134	30.840	1
1454	7.078	30.886	1
1455	7.021	30.932	1
1456	7.016	30.932	1
1457	7.063	30.886	1
1458	7.110	30.840	1
1459	7.002	30.932	1
1460	6.997	30.932	1
1461	6.992	30.932	1
1462	6.987	30.932	1
1463	6.982	30.932	1
1464	6.977	30.932	1
1465	6.972	30.932	1
1466	7.018	30.886	1
1467	7.065	30.840	1
1468	7.009	30.886	1
1469	7.004	30.886	1
1470	7.000	30.886	1
1471	7.047	30.840	1
1472	7.042	30.840	1
1473	7.037	30.840	1
1474	7.136	30.748	1
1475	7.132	30.748	1
1476	7.128	30.748	1
1477	7.176	30.702	1
1478	7.224	30.657	1
1479	7.272	30.611	1
1480	7.320	30.565	1
1481	7.265	30.611	1
1482	7.365	30.519	1
1483	7.414	30.473	1
1484	7.463	30.427	1
1485	7.564	30.336	1
1486	7.614	30.290	1
1487	7.612	30.290	1
1488	7.714	30.198	1
1489	7.713	30.198	1
1490	7.764	30.152	1
1491	7.763	30.152	1
1492	7.865	30.060	1
1493	7.916	30.015	1
1494	8.020	29.923	1
1495	8.020	29.923	1
1496	8.072	29.877	1
1497	8.176	29.785	1
1498	8.177	29.785	1
1499	8.333	29.648	1
1500	8.232	29.739	1
1501	8.388	29.602	1
1502	8.339	29.648	1
1503	8.444	29.556	1
1504	8.343	29.648	1
1505	8.448	29.556	1
1506	8.657	29.372	1
1507	8.557	29.464	1
1508	8.612	29.418	1
1509	8.615	29.418	1
1510	8.618	29.418	1
1511	8.827	29.235	1
1512	8.780	29.281	1
1513	8.732	29.327	1
1514	8.788	29.281	1
1515	8.843	29.235	1
1516	8.899	29.189	1
1517	8.851	29.235	1
1518	8.856	29.235	1
1519	8.860	29.235	1
1520	8.864	29.235	1
1521	8.920	29.189	1
1522	8.872	29.235	1
1523	8.928	29.189	1
1524	8.881	29.235	1
1525	8.885	29.235	1
1526	8.889	29.235	1
1527	8.842	29.281	1
1528	8.897	29.235	1
1529	8.798	29.327	1
1530	8.801	29.327	1
1531	8.805	29.327	1
1532	8.757	29.372	1
1533	8.761	29.372	1
1534	8.712	29.418	1
1535	8.767	29.372	1
1536	8.616	29.510	1
1537	8.670	29.464	1
1538	8.569	29.556	1
1539	8.572	29.556	1
1540	8.574	29.556	1
1541	8.577	29.556	1
1542	8.424	29.694	1
1543	8.426	29.694	1
1544	8.376	29.739	1
1545	8.377	29.739	1
1546	8.327	29.785	1
1547	8.431	29.694	1
1548	8.226	29.877	1
1549	8.176	29.923	1
1550	8.176	29.923	1
1551	8.073	30.015	1
1552	8.073	30.015	1
1553	7.970	30.106	1
1554	7.969	30.106	1
1555	7.865	30.198	1
1556	7.864	30.198	1
1557	7.760	30.290	1
1558	7.758	30.290	1
1559	7.705	30.336	1
1560	7.703	30.336	1
1561	7.598	30.427	1
1562	7.596	30.427	1
1563	7.542	30.473	1
1564	7.385	30.611	1
1565	7.485	30.519	1
1566	7.482	30.519	1
1567	7.427	30.565	1
1568	7.321	30.657	1
1569	7.266	30.702	1
1570	7.314	30.657	1
1571	7.207	30.748	1
1572	7.203	30.748	1
1573	7.251	30.702	1
1574	7.195	30.748	1
1575	7.140	30.794	1
1576	7.135	30.794	1
1577	7.079	30.840	1
1578	7.126	30.794	1
1579	7.071	30.840	1
1580	7.066	30.840	1
1581	7.062	30.840	1
1582	7.057	30.840	1
1583	7.001	30.886	1
1584	6.945	30.932	1
1585	7.043	30.840	1
1586	7.142	30.748	1
1587	7.086	30.794	1
1588	7.082	30.794	1
1589	7.077	30.794	1
1590	7.021	30.840	1
1591	7.068	30.794	1
1592	7.167	30.702	1
1593	7.164	30.702	1
1594	7.108	30.748	1
1595	7.207	30.657	1
1596	7.204	30.657	1
1597	7.200	30.657	1
1598	7.300	30.565	1
1599	7.297	30.565	1
1600	7.346	30.519	1
1601	7.394	30.473	1
1602	7.444	30.427	1
1603	7.441	30.427	1
1604	7.542	30.336	1
1605	7.489	30.381	1
1606	7.693	30.198	1
1607	7.692	30.198	1
1608	7.691	30.198	1
1609	7.742	30.152	1
1610	7.896	30.015	1
1611	7.896	30.015	1
1612	7.844	30.060	1
1613	7.998	29.923	1
