# x y
0.000	  16.800
1.000	  16.800
2.000	  16.800
3.000	  16.800
4.000	  16.800
5.000	  16.800
6.000	  18.000
7.000	  16.800
8.000	  16.800
9.000	  16.800
10.000	16.800
11.000	22.800
12.000	22.800
13.000	24.000
14.000	24.000
15.000	22.800
16.000	24.000
17.000	22.800
18.000	24.000
19.000	22.800
20.000	24.000
21.000	22.800
22.000	24.000
23.000	24.000
24.000	22.800
25.000	24.000
26.000	24.000
27.000	22.800
28.000	24.000
29.000	24.000
30.000	22.800
31.000	24.000
32.000	22.800
33.000	24.000
34.000	24.000
35.000	22.800
36.000	24.000
37.000	22.800
38.000	24.000
39.000	22.800
40.000	24.000
41.000	24.000
42.000	22.800
43.000	24.000
44.000	22.800
45.000	24.000
46.000	22.800
47.000	24.000
48.000	22.800
49.000	24.000
50.000	22.800
51.000	24.000
52.000	22.800
53.000	24.000
54.000	24.000
55.000	22.800
56.000	24.000
57.000	22.800
58.000	24.000
59.000	22.800
60.000	24.000
61.000	24.000
62.000	22.800
63.000	24.000
64.000	22.800
65.000	24.000
66.000	22.800
67.000	24.000
68.000	22.800
69.000	24.000
70.000	22.800
71.000	24.000
72.000	24.000
73.000	22.800
74.000	24.000
75.000	24.000
76.000	22.800
77.000	24.000
78.000	24.000
79.000	22.800
80.000	24.000
81.000	22.800
82.000	24.000
83.000	22.800
84.000	24.000
85.000	22.800
86.000	24.000
87.000	24.000
88.000	22.800
89.000	24.000
90.000	22.800
91.000	24.000
92.000	22.800
93.000	24.000
94.000	22.800
95.000	24.000
96.000	22.800
97.000	24.000
98.000	24.000
99.000	22.800
100.000	24.000
101.000	22.800
102.000	24.000
103.000	22.800
104.000	24.000
105.000	24.000
106.000	22.800
107.000	24.000
108.000	22.800
109.000	24.000
110.000	22.800
111.000	24.000
112.000	22.800
113.000	24.000
114.000	22.800
115.000	24.000
116.000	22.800
117.000	24.000
118.000	24.000
119.000	22.800
120.000	24.000
121.000	22.800
122.000	24.000
123.000	22.800
124.000	24.000
125.000	22.800
126.000	24.000
127.000	22.800
128.000	24.000
129.000	22.800
130.000	24.000
131.000	24.000
132.000	22.800
133.000	24.000
134.000	22.800
135.000	24.000
136.000	22.800
137.000	24.000
138.000	24.000
139.000	22.800
140.000	24.000
141.000	22.800
142.000	24.000
143.000	22.800
144.000	24.000
145.000	22.800
146.000	24.000
147.000	24.000
148.000	22.800
149.000	24.000
150.000	22.800
151.000	24.000
152.000	22.800
153.000	24.000
154.000	24.000
155.000	22.800
156.000	24.000
157.000	22.800
158.000	24.000
159.000	22.800
160.000	24.000
161.000	22.800
162.000	24.000
163.000	22.800
164.000	24.000
165.000	22.800
166.000	24.000
167.000	22.800
168.000	24.000
169.000	22.800
170.000	24.000
171.000	24.000
172.000	22.800
173.000	22.800
174.000	24.000
175.000	22.800
176.000	22.800
177.000	24.000
178.000	24.000
179.000	22.800
180.000	24.000
181.000	22.800
182.000	24.000
183.000	22.800
184.000	24.000
185.000	22.800
186.000	24.000
187.000	24.000
188.000	22.800
189.000	24.000
190.000	22.800
191.000	24.000
192.000	22.800
193.000	24.000
194.000	22.800
195.000	24.000
196.000	22.800
197.000	24.000
198.000	22.800
199.000	22.800
200.000	22.800
201.000	24.000
202.000	24.000
203.000	22.800
204.000	24.000
205.000	22.800
206.000	24.000
207.000	22.800
208.000	24.000
209.000	22.800
210.000	24.000
211.000	24.000
212.000	22.800
213.000	24.000
214.000	22.800
215.000	24.000
216.000	24.000
217.000	22.800
218.000	24.000
219.000	24.000
220.000	22.800
221.000	24.000
222.000	24.000
223.000	22.800
224.000	24.000
225.000	24.000
226.000	22.800
227.000	24.000
228.000	24.000
229.000	22.800
230.000	22.800
231.000	24.000
232.000	22.800
233.000	24.000
234.000	22.800
235.000	24.000
236.000	24.000
237.000	22.800
238.000	24.000
239.000	24.000
240.000	22.800
241.000	24.000
242.000	22.800
243.000	24.000
244.000	22.800
245.000	24.000
246.000	22.800
247.000	24.000
248.000	22.800
249.000	22.800
250.000	24.000
251.000	24.000
252.000	22.800
253.000	24.000
254.000	24.000
255.000	22.800
256.000	22.800
257.000	24.000
258.000	22.800
259.000	24.000
260.000	24.000
261.000	22.800
262.000	24.000
263.000	22.800
264.000	24.000
265.000	22.800
266.000	24.000
267.000	24.000
268.000	22.800
269.000	24.000
270.000	22.800
271.000	24.000
272.000	22.800
273.000	24.000
274.000	22.800
275.000	24.000
276.000	22.800
277.000	24.000
278.000	24.000
279.000	24.000
280.000	22.800
281.000	24.000
282.000	24.000
283.000	24.000
284.000	24.000
285.000	24.000
286.000	22.800
287.000	24.000
288.000	22.800
289.000	22.800
290.000	24.000
291.000	22.800
292.000	24.000
293.000	22.800
294.000	24.000
295.000	24.000
296.000	22.800
297.000	24.000
298.000	22.800
299.000	24.000
300.000	22.800
301.000	24.000
302.000	22.800
303.000	22.800
304.000	24.000
305.000	22.800
306.000	24.000
307.000	22.800
308.000	24.000
309.000	22.800
310.000	24.000
311.000	22.800
312.000	24.000
313.000	22.800
314.000	24.000
315.000	24.000
316.000	22.800
317.000	24.000
318.000	24.000
319.000	22.800
320.000	24.000
321.000	22.800
322.000	24.000
323.000	24.000
324.000	22.800
325.000	24.000
326.000	24.000
327.000	22.800
328.000	24.000
329.000	24.000
330.000	22.800
331.000	22.800
332.000	24.000
333.000	24.000
334.000	22.800
335.000	24.000
336.000	22.800
337.000	22.800
338.000	24.000
339.000	22.800
340.000	24.000
341.000	22.800
342.000	24.000
343.000	22.800
344.000	24.000
345.000	22.800
346.000	24.000
347.000	22.800
348.000	24.000
349.000	22.800
350.000	24.000
351.000	22.800
352.000	24.000
353.000	22.800
354.000	22.800
355.000	24.000
356.000	22.800
357.000	24.000
358.000	22.800
359.000	24.000
360.000	22.800
361.000	24.000
362.000	22.800
363.000	24.000
364.000	22.800
365.000	24.000
366.000	22.800
367.000	24.000
368.000	22.800
369.000	24.000
370.000	22.800
371.000	24.000
372.000	22.800
373.000	22.800
374.000	24.000
375.000	22.800
376.000	24.000
377.000	22.800
378.000	24.000
379.000	22.800
380.000	24.000
381.000	24.000
382.000	22.800
383.000	24.000
384.000	22.800
385.000	24.000
386.000	22.800
387.000	24.000
388.000	22.800
389.000	24.000
390.000	22.800
391.000	24.000
392.000	22.800
393.000	24.000
394.000	22.800
395.000	24.000
396.000	24.000
397.000	22.800
398.000	24.000
399.000	22.800
400.000	24.000
401.000	22.800
402.000	24.000
403.000	22.800
404.000	24.000
405.000	22.800
406.000	24.000
407.000	22.800
408.000	24.000
409.000	22.800
410.000	24.000
411.000	22.800
412.000	24.000
413.000	22.800
414.000	24.000
415.000	24.000
416.000	22.800
417.000	24.000
418.000	22.800
419.000	24.000
420.000	22.800
